,game,opponent name,boxscore_visitor_name,boxscore_home_name,final score,centreFinalScore,opponentFinalScore,centreScoreByPeriod,opponentScoreByPeriod,centreScorePeriod1,centreScorePeriod2,centreScorePeriod3,centreScorePeriod4,centreScorePeriod5,centreScorePeriod6,opponentScorePeriod1,opponentScorePeriod2,opponentScorePeriod3,opponentScorePeriod4,opponentScorePeriod5,opponentScorePeriod6,centreRecord,opponentRecord,gameDate,outcome,attendance,gameLocation,gameTime,homeGame,,Time Remaining,SPALDING,Away Team Score,Play Team Indicator,Home Team Score,CENTRE-W,Game Score,Team Indicator,Play,period number,Play Type,Shot Outcome,Team,Player,Points Earned,Time(seconds)
0,4,spalding,Spalding,Centre,53-62,53,62,"9, 13, 11, 13, 7, 53","7, 10, 7, 22, 16, 62",9,13,11,13,7,53,7,10,7,22,16,62,1-3,3-0,11/24/15,Lose,112,No Location Recorded,7:00 PM,H,0,Start Period 1,,,,,,,,,1,,,,,,
1,4,spalding,Spalding,Centre,53-62,53,62,"9, 13, 11, 13, 7, 53","7, 10, 7, 22, 16, 62",9,13,11,13,7,53,7,10,7,22,16,62,1-3,3-0,11/24/15,Lose,112,No Location Recorded,7:00 PM,H,1,09:37,,,,,"MISS LAYUP by GUY,ALEXIS",,,"MISS LAYUP by GUY,ALEXIS",1,layup,missed,Centre,alexis guy,,577
2,4,spalding,Spalding,Centre,53-62,53,62,"9, 13, 11, 13, 7, 53","7, 10, 7, 22, 16, 62",9,13,11,13,7,53,7,10,7,22,16,62,1-3,3-0,11/24/15,Lose,112,No Location Recorded,7:00 PM,H,2,09:37,"BLOCK  by HARDIN,MAYA",,,,,,,"BLOCK  by HARDIN,MAYA",1,block,,spalding,maya hardin,,577
3,4,spalding,Spalding,Centre,53-62,53,62,"9, 13, 11, 13, 7, 53","7, 10, 7, 22, 16, 62",9,13,11,13,7,53,7,10,7,22,16,62,1-3,3-0,11/24/15,Lose,112,No Location Recorded,7:00 PM,H,3,--,"REBOUND DEF by HARDIN,MAYA",,,,,,,"REBOUND DEF by HARDIN,MAYA",1,defensive rebound,,spalding,maya hardin,,
4,4,spalding,Spalding,Centre,53-62,53,62,"9, 13, 11, 13, 7, 53","7, 10, 7, 22, 16, 62",9,13,11,13,7,53,7,10,7,22,16,62,1-3,3-0,11/24/15,Lose,112,No Location Recorded,7:00 PM,H,4,09:17,"GOOD JUMPER by MYERS,MACKENZIE(in the paint)",2 (+2),,0,,SPALDING 2-0 (-2),,"GOOD JUMPER by MYERS,MACKENZIE(in the paint)",1,jumper,good,spalding,mackenzie myers,2,557
5,4,spalding,Spalding,Centre,53-62,53,62,"9, 13, 11, 13, 7, 53","7, 10, 7, 22, 16, 62",9,13,11,13,7,53,7,10,7,22,16,62,1-3,3-0,11/24/15,Lose,112,No Location Recorded,7:00 PM,H,5,--,"ASSIST  by SKAGGS,JULIE",,,,,,,"ASSIST  by SKAGGS,JULIE",1,assist,,spalding,julie skaggs,,
6,4,spalding,Spalding,Centre,53-62,53,62,"9, 13, 11, 13, 7, 53","7, 10, 7, 22, 16, 62",9,13,11,13,7,53,7,10,7,22,16,62,1-3,3-0,11/24/15,Lose,112,No Location Recorded,7:00 PM,H,6,09:04,"FOUL  by MYERS,MACKENZIE",,,,,,,"FOUL  by MYERS,MACKENZIE",1,foul,,spalding,mackenzie myers,,544
7,4,spalding,Spalding,Centre,53-62,53,62,"9, 13, 11, 13, 7, 53","7, 10, 7, 22, 16, 62",9,13,11,13,7,53,7,10,7,22,16,62,1-3,3-0,11/24/15,Lose,112,No Location Recorded,7:00 PM,H,7,08:48,,,,,"MISS JUMPER by MCKNIGHT,KAITLYN",,,"MISS JUMPER by MCKNIGHT,KAITLYN",1,jumper,missed,Centre,kaitlyn mcknight,,528
8,4,spalding,Spalding,Centre,53-62,53,62,"9, 13, 11, 13, 7, 53","7, 10, 7, 22, 16, 62",9,13,11,13,7,53,7,10,7,22,16,62,1-3,3-0,11/24/15,Lose,112,No Location Recorded,7:00 PM,H,8,--,"REBOUND DEF by MYERS,MACKENZIE",,,,,,,"REBOUND DEF by MYERS,MACKENZIE",1,defensive rebound,,spalding,mackenzie myers,,
9,4,spalding,Spalding,Centre,53-62,53,62,"9, 13, 11, 13, 7, 53","7, 10, 7, 22, 16, 62",9,13,11,13,7,53,7,10,7,22,16,62,1-3,3-0,11/24/15,Lose,112,No Location Recorded,7:00 PM,H,9,08:29,"MISS JUMPER by HARDIN,MAYA",,,,,,,"MISS JUMPER by HARDIN,MAYA",1,jumper,missed,spalding,maya hardin,,509
10,4,spalding,Spalding,Centre,53-62,53,62,"9, 13, 11, 13, 7, 53","7, 10, 7, 22, 16, 62",9,13,11,13,7,53,7,10,7,22,16,62,1-3,3-0,11/24/15,Lose,112,No Location Recorded,7:00 PM,H,10,--,,,,,"REBOUND DEF by MCKNIGHT,KAITLYN",,,"REBOUND DEF by MCKNIGHT,KAITLYN",1,defensive rebound,,Centre,kaitlyn mcknight,,
11,4,spalding,Spalding,Centre,53-62,53,62,"9, 13, 11, 13, 7, 53","7, 10, 7, 22, 16, 62",9,13,11,13,7,53,7,10,7,22,16,62,1-3,3-0,11/24/15,Lose,112,No Location Recorded,7:00 PM,H,11,08:11,,,,,"MISS 3PTR by MOORE,KATIE",,,"MISS 3PTR by MOORE,KATIE",1,three pointer,missed,Centre,katie moore,,491
12,4,spalding,Spalding,Centre,53-62,53,62,"9, 13, 11, 13, 7, 53","7, 10, 7, 22, 16, 62",9,13,11,13,7,53,7,10,7,22,16,62,1-3,3-0,11/24/15,Lose,112,No Location Recorded,7:00 PM,H,12,--,,,,,"REBOUND OFF by JUDY,MICHELE",,,"REBOUND OFF by JUDY,MICHELE",1,offensive rebound,,Centre,michele judy,,
13,4,spalding,Spalding,Centre,53-62,53,62,"9, 13, 11, 13, 7, 53","7, 10, 7, 22, 16, 62",9,13,11,13,7,53,7,10,7,22,16,62,1-3,3-0,11/24/15,Lose,112,No Location Recorded,7:00 PM,H,13,08:06,,2,,2,"GOOD LAYUP by JUDY,MICHELE(in the paint)",CENTRE-W 2-2 (0),,"GOOD LAYUP by JUDY,MICHELE(in the paint)",1,layup,good,Centre,michele judy,2,486
14,4,spalding,Spalding,Centre,53-62,53,62,"9, 13, 11, 13, 7, 53","7, 10, 7, 22, 16, 62",9,13,11,13,7,53,7,10,7,22,16,62,1-3,3-0,11/24/15,Lose,112,No Location Recorded,7:00 PM,H,14,07:35,"TURNOVER  by SLITER,DEE DEE",,,,,,,"TURNOVER  by SLITER,DEE DEE",1,turnover,,spalding,dee dee sliter,,455
15,4,spalding,Spalding,Centre,53-62,53,62,"9, 13, 11, 13, 7, 53","7, 10, 7, 22, 16, 62",9,13,11,13,7,53,7,10,7,22,16,62,1-3,3-0,11/24/15,Lose,112,No Location Recorded,7:00 PM,H,15,07:33,,,,,"STEAL  by MOORE,KATIE",,,"STEAL  by MOORE,KATIE",1,steal,,Centre,,,453
16,4,spalding,Spalding,Centre,53-62,53,62,"9, 13, 11, 13, 7, 53","7, 10, 7, 22, 16, 62",9,13,11,13,7,53,7,10,7,22,16,62,1-3,3-0,11/24/15,Lose,112,No Location Recorded,7:00 PM,H,16,07:20,,2,,4 (+2),"GOOD LAYUP by JUDY,MICHELE(in the paint)",CENTRE-W 2-4 (+2),,"GOOD LAYUP by JUDY,MICHELE(in the paint)",1,layup,good,Centre,michele judy,2,440
17,4,spalding,Spalding,Centre,53-62,53,62,"9, 13, 11, 13, 7, 53","7, 10, 7, 22, 16, 62",9,13,11,13,7,53,7,10,7,22,16,62,1-3,3-0,11/24/15,Lose,112,No Location Recorded,7:00 PM,H,17,--,,,,,"ASSIST  by MCKNIGHT,KAITLYN",,,"ASSIST  by MCKNIGHT,KAITLYN",1,assist,,Centre,kaitlyn mcknight,,
18,4,spalding,Spalding,Centre,53-62,53,62,"9, 13, 11, 13, 7, 53","7, 10, 7, 22, 16, 62",9,13,11,13,7,53,7,10,7,22,16,62,1-3,3-0,11/24/15,Lose,112,No Location Recorded,7:00 PM,H,18,06:55,"MISS JUMPER by MYERS,MACKENZIE",,,,,,,"MISS JUMPER by MYERS,MACKENZIE",1,jumper,missed,spalding,mackenzie myers,,415
19,4,spalding,Spalding,Centre,53-62,53,62,"9, 13, 11, 13, 7, 53","7, 10, 7, 22, 16, 62",9,13,11,13,7,53,7,10,7,22,16,62,1-3,3-0,11/24/15,Lose,112,No Location Recorded,7:00 PM,H,19,--,,,,,"REBOUND DEF by JUDY,MICHELE",,,"REBOUND DEF by JUDY,MICHELE",1,defensive rebound,,Centre,michele judy,,
20,4,spalding,Spalding,Centre,53-62,53,62,"9, 13, 11, 13, 7, 53","7, 10, 7, 22, 16, 62",9,13,11,13,7,53,7,10,7,22,16,62,1-3,3-0,11/24/15,Lose,112,No Location Recorded,7:00 PM,H,20,06:46,,,,,"MISS LAYUP by MCKNIGHT,KAITLYN",,,"MISS LAYUP by MCKNIGHT,KAITLYN",1,layup,missed,Centre,kaitlyn mcknight,,406
21,4,spalding,Spalding,Centre,53-62,53,62,"9, 13, 11, 13, 7, 53","7, 10, 7, 22, 16, 62",9,13,11,13,7,53,7,10,7,22,16,62,1-3,3-0,11/24/15,Lose,112,No Location Recorded,7:00 PM,H,21,--,"REBOUND DEF by SKAGGS,JULIE",,,,,,,"REBOUND DEF by SKAGGS,JULIE",1,defensive rebound,,spalding,julie skaggs,,
22,4,spalding,Spalding,Centre,53-62,53,62,"9, 13, 11, 13, 7, 53","7, 10, 7, 22, 16, 62",9,13,11,13,7,53,7,10,7,22,16,62,1-3,3-0,11/24/15,Lose,112,No Location Recorded,7:00 PM,H,22,06:31,"MISS JUMPER by SKAGGS,JULIE",,,,,,,"MISS JUMPER by SKAGGS,JULIE",1,jumper,missed,spalding,julie skaggs,,391
23,4,spalding,Spalding,Centre,53-62,53,62,"9, 13, 11, 13, 7, 53","7, 10, 7, 22, 16, 62",9,13,11,13,7,53,7,10,7,22,16,62,1-3,3-0,11/24/15,Lose,112,No Location Recorded,7:00 PM,H,23,06:31,,,,,"BLOCK  by JUDY,MICHELE",,,"BLOCK  by JUDY,MICHELE",1,block,,Centre,michele judy,,391
24,4,spalding,Spalding,Centre,53-62,53,62,"9, 13, 11, 13, 7, 53","7, 10, 7, 22, 16, 62",9,13,11,13,7,53,7,10,7,22,16,62,1-3,3-0,11/24/15,Lose,112,No Location Recorded,7:00 PM,H,24,--,,,,,"REBOUND DEF by JUDY,MICHELE",,,"REBOUND DEF by JUDY,MICHELE",1,defensive rebound,,Centre,michele judy,,
25,4,spalding,Spalding,Centre,53-62,53,62,"9, 13, 11, 13, 7, 53","7, 10, 7, 22, 16, 62",9,13,11,13,7,53,7,10,7,22,16,62,1-3,3-0,11/24/15,Lose,112,No Location Recorded,7:00 PM,H,25,06:16,,,,,"MISS JUMPER by JUDY,MICHELE",,,"MISS JUMPER by JUDY,MICHELE",1,jumper,missed,Centre,michele judy,,376
26,4,spalding,Spalding,Centre,53-62,53,62,"9, 13, 11, 13, 7, 53","7, 10, 7, 22, 16, 62",9,13,11,13,7,53,7,10,7,22,16,62,1-3,3-0,11/24/15,Lose,112,No Location Recorded,7:00 PM,H,26,--,"REBOUND DEF by SLITER,DEE DEE",,,,,,,"REBOUND DEF by SLITER,DEE DEE",1,defensive rebound,,spalding,dee dee sliter,,
27,4,spalding,Spalding,Centre,53-62,53,62,"9, 13, 11, 13, 7, 53","7, 10, 7, 22, 16, 62",9,13,11,13,7,53,7,10,7,22,16,62,1-3,3-0,11/24/15,Lose,112,No Location Recorded,7:00 PM,H,27,06:05,"SUB IN by KAISER,KELSEY",,,,,,,"SUB IN by KAISER,KELSEY",1,subbing in,,spalding,kelsey kaiser,,365
28,4,spalding,Spalding,Centre,53-62,53,62,"9, 13, 11, 13, 7, 53","7, 10, 7, 22, 16, 62",9,13,11,13,7,53,7,10,7,22,16,62,1-3,3-0,11/24/15,Lose,112,No Location Recorded,7:00 PM,H,28,06:05,"SUB IN by MARTIN,MADDIE",,,,,,,"SUB IN by MARTIN,MADDIE",1,subbing in,,spalding,maddie martin,,365
29,4,spalding,Spalding,Centre,53-62,53,62,"9, 13, 11, 13, 7, 53","7, 10, 7, 22, 16, 62",9,13,11,13,7,53,7,10,7,22,16,62,1-3,3-0,11/24/15,Lose,112,No Location Recorded,7:00 PM,H,29,06:05,"SUB OUT by SKAGGS,JULIE",,,,,,,"SUB OUT by SKAGGS,JULIE",1,subbing out,,spalding,julie skaggs,,365
30,4,spalding,Spalding,Centre,53-62,53,62,"9, 13, 11, 13, 7, 53","7, 10, 7, 22, 16, 62",9,13,11,13,7,53,7,10,7,22,16,62,1-3,3-0,11/24/15,Lose,112,No Location Recorded,7:00 PM,H,30,06:05,"SUB OUT by MYERS,MACKENZIE",,,,,,,"SUB OUT by MYERS,MACKENZIE",1,subbing out,,spalding,mackenzie myers,,365
31,4,spalding,Spalding,Centre,53-62,53,62,"9, 13, 11, 13, 7, 53","7, 10, 7, 22, 16, 62",9,13,11,13,7,53,7,10,7,22,16,62,1-3,3-0,11/24/15,Lose,112,No Location Recorded,7:00 PM,H,31,06:05,,,,,"SUB IN by VANCE,DAY",,,"SUB IN by VANCE,DAY",1,subbing in,,Centre,day vance,,365
32,4,spalding,Spalding,Centre,53-62,53,62,"9, 13, 11, 13, 7, 53","7, 10, 7, 22, 16, 62",9,13,11,13,7,53,7,10,7,22,16,62,1-3,3-0,11/24/15,Lose,112,No Location Recorded,7:00 PM,H,32,06:05,,,,,"SUB IN by RICE,MADISON",,,"SUB IN by RICE,MADISON",1,subbing in,,Centre,madison rice,,365
33,4,spalding,Spalding,Centre,53-62,53,62,"9, 13, 11, 13, 7, 53","7, 10, 7, 22, 16, 62",9,13,11,13,7,53,7,10,7,22,16,62,1-3,3-0,11/24/15,Lose,112,No Location Recorded,7:00 PM,H,33,06:05,,,,,"SUB IN by ANDREASSEN,CAROLINE",,,"SUB IN by ANDREASSEN,CAROLINE",1,subbing in,,Centre,caroline andreassen,,365
34,4,spalding,Spalding,Centre,53-62,53,62,"9, 13, 11, 13, 7, 53","7, 10, 7, 22, 16, 62",9,13,11,13,7,53,7,10,7,22,16,62,1-3,3-0,11/24/15,Lose,112,No Location Recorded,7:00 PM,H,34,06:05,,,,,"SUB IN by KELLAM,PAIGE",,,"SUB IN by KELLAM,PAIGE",1,subbing in,,Centre,paige kellam,,365
35,4,spalding,Spalding,Centre,53-62,53,62,"9, 13, 11, 13, 7, 53","7, 10, 7, 22, 16, 62",9,13,11,13,7,53,7,10,7,22,16,62,1-3,3-0,11/24/15,Lose,112,No Location Recorded,7:00 PM,H,35,06:05,,,,,"SUB OUT by JUDY,MICHELE",,,"SUB OUT by JUDY,MICHELE",1,subbing out,,Centre,michele judy,,365
36,4,spalding,Spalding,Centre,53-62,53,62,"9, 13, 11, 13, 7, 53","7, 10, 7, 22, 16, 62",9,13,11,13,7,53,7,10,7,22,16,62,1-3,3-0,11/24/15,Lose,112,No Location Recorded,7:00 PM,H,36,06:05,,,,,"SUB OUT by GUY,ALEXIS",,,"SUB OUT by GUY,ALEXIS",1,subbing out,,Centre,alexis guy,,365
37,4,spalding,Spalding,Centre,53-62,53,62,"9, 13, 11, 13, 7, 53","7, 10, 7, 22, 16, 62",9,13,11,13,7,53,7,10,7,22,16,62,1-3,3-0,11/24/15,Lose,112,No Location Recorded,7:00 PM,H,37,06:05,,,,,"SUB OUT by MCKNIGHT,KAITLYN",,,"SUB OUT by MCKNIGHT,KAITLYN",1,subbing out,,Centre,kaitlyn mcknight,,365
38,4,spalding,Spalding,Centre,53-62,53,62,"9, 13, 11, 13, 7, 53","7, 10, 7, 22, 16, 62",9,13,11,13,7,53,7,10,7,22,16,62,1-3,3-0,11/24/15,Lose,112,No Location Recorded,7:00 PM,H,38,06:05,,,,,"SUB OUT by RHULE,BONNIE",,,"SUB OUT by RHULE,BONNIE",1,subbing out,,Centre,bonnie rhule,,365
39,4,spalding,Spalding,Centre,53-62,53,62,"9, 13, 11, 13, 7, 53","7, 10, 7, 22, 16, 62",9,13,11,13,7,53,7,10,7,22,16,62,1-3,3-0,11/24/15,Lose,112,No Location Recorded,7:00 PM,H,39,05:51,"GOOD 3PTR by MARTIN,ALEX",5 (+1),,4,,SPALDING 5-4 (-1),,"GOOD 3PTR by MARTIN,ALEX",1,three pointer,good,spalding,alex martin,3,351
40,4,spalding,Spalding,Centre,53-62,53,62,"9, 13, 11, 13, 7, 53","7, 10, 7, 22, 16, 62",9,13,11,13,7,53,7,10,7,22,16,62,1-3,3-0,11/24/15,Lose,112,No Location Recorded,7:00 PM,H,40,--,"ASSIST  by SLITER,DEE DEE",,,,,,,"ASSIST  by SLITER,DEE DEE",1,assist,,spalding,dee dee sliter,,
41,4,spalding,Spalding,Centre,53-62,53,62,"9, 13, 11, 13, 7, 53","7, 10, 7, 22, 16, 62",9,13,11,13,7,53,7,10,7,22,16,62,1-3,3-0,11/24/15,Lose,112,No Location Recorded,7:00 PM,H,41,05:31,,,,,"MISS JUMPER by VANCE,DAY",,,"MISS JUMPER by VANCE,DAY",1,jumper,missed,Centre,day vance,,331
42,4,spalding,Spalding,Centre,53-62,53,62,"9, 13, 11, 13, 7, 53","7, 10, 7, 22, 16, 62",9,13,11,13,7,53,7,10,7,22,16,62,1-3,3-0,11/24/15,Lose,112,No Location Recorded,7:00 PM,H,42,--,"REBOUND DEF by MARTIN,ALEX",,,,,,,"REBOUND DEF by MARTIN,ALEX",1,defensive rebound,,spalding,alex martin,,
43,4,spalding,Spalding,Centre,53-62,53,62,"9, 13, 11, 13, 7, 53","7, 10, 7, 22, 16, 62",9,13,11,13,7,53,7,10,7,22,16,62,1-3,3-0,11/24/15,Lose,112,No Location Recorded,7:00 PM,H,43,05:05,"MISS JUMPER by KAISER,KELSEY",,,,,,,"MISS JUMPER by KAISER,KELSEY",1,jumper,missed,spalding,kelsey kaiser,,305
44,4,spalding,Spalding,Centre,53-62,53,62,"9, 13, 11, 13, 7, 53","7, 10, 7, 22, 16, 62",9,13,11,13,7,53,7,10,7,22,16,62,1-3,3-0,11/24/15,Lose,112,No Location Recorded,7:00 PM,H,44,--,,,,,"REBOUND DEF by VANCE,DAY",,,"REBOUND DEF by VANCE,DAY",1,defensive rebound,,Centre,day vance,,
45,4,spalding,Spalding,Centre,53-62,53,62,"9, 13, 11, 13, 7, 53","7, 10, 7, 22, 16, 62",9,13,11,13,7,53,7,10,7,22,16,62,1-3,3-0,11/24/15,Lose,112,No Location Recorded,7:00 PM,H,45,04:55,,,,,"MISS 3PTR by ANDREASSEN,CAROLINE",,,"MISS 3PTR by ANDREASSEN,CAROLINE",1,three pointer,missed,Centre,caroline andreassen,,295
46,4,spalding,Spalding,Centre,53-62,53,62,"9, 13, 11, 13, 7, 53","7, 10, 7, 22, 16, 62",9,13,11,13,7,53,7,10,7,22,16,62,1-3,3-0,11/24/15,Lose,112,No Location Recorded,7:00 PM,H,46,--,,,,,"REBOUND OFF by VANCE,DAY",,,"REBOUND OFF by VANCE,DAY",1,offensive rebound,,Centre,day vance,,
47,4,spalding,Spalding,Centre,53-62,53,62,"9, 13, 11, 13, 7, 53","7, 10, 7, 22, 16, 62",9,13,11,13,7,53,7,10,7,22,16,62,1-3,3-0,11/24/15,Lose,112,No Location Recorded,7:00 PM,H,47,04:49,,,,,"SUB IN by GUY,ALEXIS",,,"SUB IN by GUY,ALEXIS",1,subbing in,,Centre,alexis guy,,289
48,4,spalding,Spalding,Centre,53-62,53,62,"9, 13, 11, 13, 7, 53","7, 10, 7, 22, 16, 62",9,13,11,13,7,53,7,10,7,22,16,62,1-3,3-0,11/24/15,Lose,112,No Location Recorded,7:00 PM,H,48,04:49,,,,,"SUB OUT by MOORE,KATIE",,,"SUB OUT by MOORE,KATIE",1,subbing out,,Centre,katie moore,,289
49,4,spalding,Spalding,Centre,53-62,53,62,"9, 13, 11, 13, 7, 53","7, 10, 7, 22, 16, 62",9,13,11,13,7,53,7,10,7,22,16,62,1-3,3-0,11/24/15,Lose,112,No Location Recorded,7:00 PM,H,49,04:47,,,,,"MISS JUMPER by VANCE,DAY",,,"MISS JUMPER by VANCE,DAY",1,jumper,missed,Centre,day vance,,287
50,4,spalding,Spalding,Centre,53-62,53,62,"9, 13, 11, 13, 7, 53","7, 10, 7, 22, 16, 62",9,13,11,13,7,53,7,10,7,22,16,62,1-3,3-0,11/24/15,Lose,112,No Location Recorded,7:00 PM,H,50,--,,,,,"REBOUND OFF by ANDREASSEN,CAROLINE",,,"REBOUND OFF by ANDREASSEN,CAROLINE",1,offensive rebound,,Centre,caroline andreassen,,
51,4,spalding,Spalding,Centre,53-62,53,62,"9, 13, 11, 13, 7, 53","7, 10, 7, 22, 16, 62",9,13,11,13,7,53,7,10,7,22,16,62,1-3,3-0,11/24/15,Lose,112,No Location Recorded,7:00 PM,H,51,04:36,"FOUL  by MARTIN,MADDIE",,,,,,,"FOUL  by MARTIN,MADDIE",1,foul,,spalding,maddie martin,,276
52,4,spalding,Spalding,Centre,53-62,53,62,"9, 13, 11, 13, 7, 53","7, 10, 7, 22, 16, 62",9,13,11,13,7,53,7,10,7,22,16,62,1-3,3-0,11/24/15,Lose,112,No Location Recorded,7:00 PM,H,52,04:36,,5,,5,"GOOD FT by VANCE,DAY",CENTRE-W 5-5 (0),,"GOOD FT by VANCE,DAY",1,free throw,good,Centre,day vance,1,276
53,4,spalding,Spalding,Centre,53-62,53,62,"9, 13, 11, 13, 7, 53","7, 10, 7, 22, 16, 62",9,13,11,13,7,53,7,10,7,22,16,62,1-3,3-0,11/24/15,Lose,112,No Location Recorded,7:00 PM,H,53,04:36,,5,,6 (+1),"GOOD FT by VANCE,DAY",CENTRE-W 5-6 (+1),,"GOOD FT by VANCE,DAY",1,free throw,good,Centre,day vance,1,276
54,4,spalding,Spalding,Centre,53-62,53,62,"9, 13, 11, 13, 7, 53","7, 10, 7, 22, 16, 62",9,13,11,13,7,53,7,10,7,22,16,62,1-3,3-0,11/24/15,Lose,112,No Location Recorded,7:00 PM,H,54,04:36,"SUB IN by HUNTER,BRANDY",,,,,,,"SUB IN by HUNTER,BRANDY",1,subbing in,,spalding,brandy hunter,,276
55,4,spalding,Spalding,Centre,53-62,53,62,"9, 13, 11, 13, 7, 53","7, 10, 7, 22, 16, 62",9,13,11,13,7,53,7,10,7,22,16,62,1-3,3-0,11/24/15,Lose,112,No Location Recorded,7:00 PM,H,55,04:36,"SUB OUT by HARDIN,MAYA",,,,,,,"SUB OUT by HARDIN,MAYA",1,subbing out,,spalding,maya hardin,,276
56,4,spalding,Spalding,Centre,53-62,53,62,"9, 13, 11, 13, 7, 53","7, 10, 7, 22, 16, 62",9,13,11,13,7,53,7,10,7,22,16,62,1-3,3-0,11/24/15,Lose,112,No Location Recorded,7:00 PM,H,56,04:25,"TURNOVER  by KAISER,KELSEY",,,,,,,"TURNOVER  by KAISER,KELSEY",1,turnover,,spalding,kelsey kaiser,,265
57,4,spalding,Spalding,Centre,53-62,53,62,"9, 13, 11, 13, 7, 53","7, 10, 7, 22, 16, 62",9,13,11,13,7,53,7,10,7,22,16,62,1-3,3-0,11/24/15,Lose,112,No Location Recorded,7:00 PM,H,57,04:14,,,,,"TURNOVER  by KELLAM,PAIGE",,,"TURNOVER  by KELLAM,PAIGE",1,turnover,,Centre,paige kellam,,254
58,4,spalding,Spalding,Centre,53-62,53,62,"9, 13, 11, 13, 7, 53","7, 10, 7, 22, 16, 62",9,13,11,13,7,53,7,10,7,22,16,62,1-3,3-0,11/24/15,Lose,112,No Location Recorded,7:00 PM,H,58,04:14,"SUB IN by MYERS,MACKENZIE",,,,,,,"SUB IN by MYERS,MACKENZIE",1,subbing in,,spalding,mackenzie myers,,254
59,4,spalding,Spalding,Centre,53-62,53,62,"9, 13, 11, 13, 7, 53","7, 10, 7, 22, 16, 62",9,13,11,13,7,53,7,10,7,22,16,62,1-3,3-0,11/24/15,Lose,112,No Location Recorded,7:00 PM,H,59,04:14,"SUB OUT by KAISER,KELSEY",,,,,,,"SUB OUT by KAISER,KELSEY",1,subbing out,,spalding,kelsey kaiser,,254
60,4,spalding,Spalding,Centre,53-62,53,62,"9, 13, 11, 13, 7, 53","7, 10, 7, 22, 16, 62",9,13,11,13,7,53,7,10,7,22,16,62,1-3,3-0,11/24/15,Lose,112,No Location Recorded,7:00 PM,H,60,03:58,"MISS JUMPER by SLITER,DEE DEE",,,,,,,"MISS JUMPER by SLITER,DEE DEE",1,jumper,missed,spalding,dee dee sliter,,238
61,4,spalding,Spalding,Centre,53-62,53,62,"9, 13, 11, 13, 7, 53","7, 10, 7, 22, 16, 62",9,13,11,13,7,53,7,10,7,22,16,62,1-3,3-0,11/24/15,Lose,112,No Location Recorded,7:00 PM,H,61,--,,,,,"REBOUND DEF by ANDREASSEN,CAROLINE",,,"REBOUND DEF by ANDREASSEN,CAROLINE",1,defensive rebound,,Centre,caroline andreassen,,
62,4,spalding,Spalding,Centre,53-62,53,62,"9, 13, 11, 13, 7, 53","7, 10, 7, 22, 16, 62",9,13,11,13,7,53,7,10,7,22,16,62,1-3,3-0,11/24/15,Lose,112,No Location Recorded,7:00 PM,H,62,03:40,,,,,"TURNOVER  by RICE,MADISON",,,"TURNOVER  by RICE,MADISON",1,turnover,,Centre,madison rice,,220
63,4,spalding,Spalding,Centre,53-62,53,62,"9, 13, 11, 13, 7, 53","7, 10, 7, 22, 16, 62",9,13,11,13,7,53,7,10,7,22,16,62,1-3,3-0,11/24/15,Lose,112,No Location Recorded,7:00 PM,H,63,03:37,"STEAL  by SLITER,DEE DEE",,,,,,,"STEAL  by SLITER,DEE DEE",1,steal,,spalding,,,217
64,4,spalding,Spalding,Centre,53-62,53,62,"9, 13, 11, 13, 7, 53","7, 10, 7, 22, 16, 62",9,13,11,13,7,53,7,10,7,22,16,62,1-3,3-0,11/24/15,Lose,112,No Location Recorded,7:00 PM,H,64,03:21,"GOOD LAYUP by MYERS,MACKENZIE(in the paint)",7 (+1),,6,,SPALDING 7-6 (-1),,"GOOD LAYUP by MYERS,MACKENZIE(in the paint)",1,layup,good,spalding,mackenzie myers,2,201
65,4,spalding,Spalding,Centre,53-62,53,62,"9, 13, 11, 13, 7, 53","7, 10, 7, 22, 16, 62",9,13,11,13,7,53,7,10,7,22,16,62,1-3,3-0,11/24/15,Lose,112,No Location Recorded,7:00 PM,H,65,03:04,,,,,"TURNOVER  by RICE,MADISON",,,"TURNOVER  by RICE,MADISON",1,turnover,,Centre,madison rice,,184
66,4,spalding,Spalding,Centre,53-62,53,62,"9, 13, 11, 13, 7, 53","7, 10, 7, 22, 16, 62",9,13,11,13,7,53,7,10,7,22,16,62,1-3,3-0,11/24/15,Lose,112,No Location Recorded,7:00 PM,H,66,03:04,,,,,"FOUL  by RICE,MADISON",,,"FOUL  by RICE,MADISON",1,foul,,Centre,madison rice,,184
67,4,spalding,Spalding,Centre,53-62,53,62,"9, 13, 11, 13, 7, 53","7, 10, 7, 22, 16, 62",9,13,11,13,7,53,7,10,7,22,16,62,1-3,3-0,11/24/15,Lose,112,No Location Recorded,7:00 PM,H,67,03:04,"SUB IN by SKAGGS,JULIE",,,,,,,"SUB IN by SKAGGS,JULIE",1,subbing in,,spalding,julie skaggs,,184
68,4,spalding,Spalding,Centre,53-62,53,62,"9, 13, 11, 13, 7, 53","7, 10, 7, 22, 16, 62",9,13,11,13,7,53,7,10,7,22,16,62,1-3,3-0,11/24/15,Lose,112,No Location Recorded,7:00 PM,H,68,03:04,"SUB IN by HARDIN,MAYA",,,,,,,"SUB IN by HARDIN,MAYA",1,subbing in,,spalding,maya hardin,,184
69,4,spalding,Spalding,Centre,53-62,53,62,"9, 13, 11, 13, 7, 53","7, 10, 7, 22, 16, 62",9,13,11,13,7,53,7,10,7,22,16,62,1-3,3-0,11/24/15,Lose,112,No Location Recorded,7:00 PM,H,69,03:04,"SUB OUT by MARTIN,MADDIE",,,,,,,"SUB OUT by MARTIN,MADDIE",1,subbing out,,spalding,maddie martin,,184
70,4,spalding,Spalding,Centre,53-62,53,62,"9, 13, 11, 13, 7, 53","7, 10, 7, 22, 16, 62",9,13,11,13,7,53,7,10,7,22,16,62,1-3,3-0,11/24/15,Lose,112,No Location Recorded,7:00 PM,H,70,03:04,"SUB OUT by SLITER,DEE DEE",,,,,,,"SUB OUT by SLITER,DEE DEE",1,subbing out,,spalding,dee dee sliter,,184
71,4,spalding,Spalding,Centre,53-62,53,62,"9, 13, 11, 13, 7, 53","7, 10, 7, 22, 16, 62",9,13,11,13,7,53,7,10,7,22,16,62,1-3,3-0,11/24/15,Lose,112,No Location Recorded,7:00 PM,H,71,03:04,,,,,"SUB IN by JUDY,MICHELE",,,"SUB IN by JUDY,MICHELE",1,subbing in,,Centre,michele judy,,184
72,4,spalding,Spalding,Centre,53-62,53,62,"9, 13, 11, 13, 7, 53","7, 10, 7, 22, 16, 62",9,13,11,13,7,53,7,10,7,22,16,62,1-3,3-0,11/24/15,Lose,112,No Location Recorded,7:00 PM,H,72,03:04,,,,,"SUB IN by MCKNIGHT,KAITLYN",,,"SUB IN by MCKNIGHT,KAITLYN",1,subbing in,,Centre,kaitlyn mcknight,,184
73,4,spalding,Spalding,Centre,53-62,53,62,"9, 13, 11, 13, 7, 53","7, 10, 7, 22, 16, 62",9,13,11,13,7,53,7,10,7,22,16,62,1-3,3-0,11/24/15,Lose,112,No Location Recorded,7:00 PM,H,73,03:04,,,,,"SUB OUT by VANCE,DAY",,,"SUB OUT by VANCE,DAY",1,subbing out,,Centre,day vance,,184
74,4,spalding,Spalding,Centre,53-62,53,62,"9, 13, 11, 13, 7, 53","7, 10, 7, 22, 16, 62",9,13,11,13,7,53,7,10,7,22,16,62,1-3,3-0,11/24/15,Lose,112,No Location Recorded,7:00 PM,H,74,03:04,,,,,"SUB OUT by RICE,MADISON",,,"SUB OUT by RICE,MADISON",1,subbing out,,Centre,madison rice,,184
75,4,spalding,Spalding,Centre,53-62,53,62,"9, 13, 11, 13, 7, 53","7, 10, 7, 22, 16, 62",9,13,11,13,7,53,7,10,7,22,16,62,1-3,3-0,11/24/15,Lose,112,No Location Recorded,7:00 PM,H,75,02:50,"TURNOVER  by MYERS,MACKENZIE",,,,,,,"TURNOVER  by MYERS,MACKENZIE",1,turnover,,spalding,mackenzie myers,,170
76,4,spalding,Spalding,Centre,53-62,53,62,"9, 13, 11, 13, 7, 53","7, 10, 7, 22, 16, 62",9,13,11,13,7,53,7,10,7,22,16,62,1-3,3-0,11/24/15,Lose,112,No Location Recorded,7:00 PM,H,76,02:50,"FOUL  by MYERS,MACKENZIE",,,,,,,"FOUL  by MYERS,MACKENZIE",1,foul,,spalding,mackenzie myers,,170
77,4,spalding,Spalding,Centre,53-62,53,62,"9, 13, 11, 13, 7, 53","7, 10, 7, 22, 16, 62",9,13,11,13,7,53,7,10,7,22,16,62,1-3,3-0,11/24/15,Lose,112,No Location Recorded,7:00 PM,H,77,02:50,"SUB IN by KAISER,KELSEY",,,,,,,"SUB IN by KAISER,KELSEY",1,subbing in,,spalding,kelsey kaiser,,170
78,4,spalding,Spalding,Centre,53-62,53,62,"9, 13, 11, 13, 7, 53","7, 10, 7, 22, 16, 62",9,13,11,13,7,53,7,10,7,22,16,62,1-3,3-0,11/24/15,Lose,112,No Location Recorded,7:00 PM,H,78,02:50,"SUB OUT by MYERS,MACKENZIE",,,,,,,"SUB OUT by MYERS,MACKENZIE",1,subbing out,,spalding,mackenzie myers,,170
79,4,spalding,Spalding,Centre,53-62,53,62,"9, 13, 11, 13, 7, 53","7, 10, 7, 22, 16, 62",9,13,11,13,7,53,7,10,7,22,16,62,1-3,3-0,11/24/15,Lose,112,No Location Recorded,7:00 PM,H,79,02:35,,,,,"MISS JUMPER by GUY,ALEXIS",,,"MISS JUMPER by GUY,ALEXIS",1,jumper,missed,Centre,alexis guy,,155
80,4,spalding,Spalding,Centre,53-62,53,62,"9, 13, 11, 13, 7, 53","7, 10, 7, 22, 16, 62",9,13,11,13,7,53,7,10,7,22,16,62,1-3,3-0,11/24/15,Lose,112,No Location Recorded,7:00 PM,H,80,--,"REBOUND DEF by MARTIN,ALEX",,,,,,,"REBOUND DEF by MARTIN,ALEX",1,defensive rebound,,spalding,alex martin,,
81,4,spalding,Spalding,Centre,53-62,53,62,"9, 13, 11, 13, 7, 53","7, 10, 7, 22, 16, 62",9,13,11,13,7,53,7,10,7,22,16,62,1-3,3-0,11/24/15,Lose,112,No Location Recorded,7:00 PM,H,81,02:28,"MISS 3PTR by HUNTER,BRANDY",,,,,,,"MISS 3PTR by HUNTER,BRANDY",1,three pointer,missed,spalding,brandy hunter,,148
82,4,spalding,Spalding,Centre,53-62,53,62,"9, 13, 11, 13, 7, 53","7, 10, 7, 22, 16, 62",9,13,11,13,7,53,7,10,7,22,16,62,1-3,3-0,11/24/15,Lose,112,No Location Recorded,7:00 PM,H,82,--,,,,,"REBOUND DEF by ANDREASSEN,CAROLINE",,,"REBOUND DEF by ANDREASSEN,CAROLINE",1,defensive rebound,,Centre,caroline andreassen,,
83,4,spalding,Spalding,Centre,53-62,53,62,"9, 13, 11, 13, 7, 53","7, 10, 7, 22, 16, 62",9,13,11,13,7,53,7,10,7,22,16,62,1-3,3-0,11/24/15,Lose,112,No Location Recorded,7:00 PM,H,83,02:16,"FOUL  by KAISER,KELSEY",,,,,,,"FOUL  by KAISER,KELSEY",1,foul,,spalding,kelsey kaiser,,136
84,4,spalding,Spalding,Centre,53-62,53,62,"9, 13, 11, 13, 7, 53","7, 10, 7, 22, 16, 62",9,13,11,13,7,53,7,10,7,22,16,62,1-3,3-0,11/24/15,Lose,112,No Location Recorded,7:00 PM,H,84,02:11,,,,,"MISS 3PTR by ANDREASSEN,CAROLINE",,,"MISS 3PTR by ANDREASSEN,CAROLINE",1,three pointer,missed,Centre,caroline andreassen,,131
85,4,spalding,Spalding,Centre,53-62,53,62,"9, 13, 11, 13, 7, 53","7, 10, 7, 22, 16, 62",9,13,11,13,7,53,7,10,7,22,16,62,1-3,3-0,11/24/15,Lose,112,No Location Recorded,7:00 PM,H,85,--,,,,,"REBOUND OFF by MCKNIGHT,KAITLYN",,,"REBOUND OFF by MCKNIGHT,KAITLYN",1,offensive rebound,,Centre,kaitlyn mcknight,,
86,4,spalding,Spalding,Centre,53-62,53,62,"9, 13, 11, 13, 7, 53","7, 10, 7, 22, 16, 62",9,13,11,13,7,53,7,10,7,22,16,62,1-3,3-0,11/24/15,Lose,112,No Location Recorded,7:00 PM,H,86,02:02,,7,,9 (+2),"GOOD 3PTR by GUY,ALEXIS",CENTRE-W 7-9 (+2),,"GOOD 3PTR by GUY,ALEXIS",1,three pointer,good,Centre,alexis guy,3,122
87,4,spalding,Spalding,Centre,53-62,53,62,"9, 13, 11, 13, 7, 53","7, 10, 7, 22, 16, 62",9,13,11,13,7,53,7,10,7,22,16,62,1-3,3-0,11/24/15,Lose,112,No Location Recorded,7:00 PM,H,87,--,,,,,"ASSIST  by KELLAM,PAIGE",,,"ASSIST  by KELLAM,PAIGE",1,assist,,Centre,paige kellam,,
88,4,spalding,Spalding,Centre,53-62,53,62,"9, 13, 11, 13, 7, 53","7, 10, 7, 22, 16, 62",9,13,11,13,7,53,7,10,7,22,16,62,1-3,3-0,11/24/15,Lose,112,No Location Recorded,7:00 PM,H,88,01:47,"MISS LAYUP by SKAGGS,JULIE",,,,,,,"MISS LAYUP by SKAGGS,JULIE",1,layup,missed,spalding,julie skaggs,,107
89,4,spalding,Spalding,Centre,53-62,53,62,"9, 13, 11, 13, 7, 53","7, 10, 7, 22, 16, 62",9,13,11,13,7,53,7,10,7,22,16,62,1-3,3-0,11/24/15,Lose,112,No Location Recorded,7:00 PM,H,89,01:47,,,,,"BLOCK  by KELLAM,PAIGE",,,"BLOCK  by KELLAM,PAIGE",1,block,,Centre,paige kellam,,107
90,4,spalding,Spalding,Centre,53-62,53,62,"9, 13, 11, 13, 7, 53","7, 10, 7, 22, 16, 62",9,13,11,13,7,53,7,10,7,22,16,62,1-3,3-0,11/24/15,Lose,112,No Location Recorded,7:00 PM,H,90,--,,,,,"REBOUND DEF by JUDY,MICHELE",,,"REBOUND DEF by JUDY,MICHELE",1,defensive rebound,,Centre,michele judy,,
91,4,spalding,Spalding,Centre,53-62,53,62,"9, 13, 11, 13, 7, 53","7, 10, 7, 22, 16, 62",9,13,11,13,7,53,7,10,7,22,16,62,1-3,3-0,11/24/15,Lose,112,No Location Recorded,7:00 PM,H,91,01:36,,,,,"MISS LAYUP by MCKNIGHT,KAITLYN",,,"MISS LAYUP by MCKNIGHT,KAITLYN",1,layup,missed,Centre,kaitlyn mcknight,,96
92,4,spalding,Spalding,Centre,53-62,53,62,"9, 13, 11, 13, 7, 53","7, 10, 7, 22, 16, 62",9,13,11,13,7,53,7,10,7,22,16,62,1-3,3-0,11/24/15,Lose,112,No Location Recorded,7:00 PM,H,92,--,,,,,"REBOUND OFF by JUDY,MICHELE",,,"REBOUND OFF by JUDY,MICHELE",1,offensive rebound,,Centre,michele judy,,
93,4,spalding,Spalding,Centre,53-62,53,62,"9, 13, 11, 13, 7, 53","7, 10, 7, 22, 16, 62",9,13,11,13,7,53,7,10,7,22,16,62,1-3,3-0,11/24/15,Lose,112,No Location Recorded,7:00 PM,H,93,01:33,,,,,"MISS LAYUP by JUDY,MICHELE",,,"MISS LAYUP by JUDY,MICHELE",1,layup,missed,Centre,michele judy,,93
94,4,spalding,Spalding,Centre,53-62,53,62,"9, 13, 11, 13, 7, 53","7, 10, 7, 22, 16, 62",9,13,11,13,7,53,7,10,7,22,16,62,1-3,3-0,11/24/15,Lose,112,No Location Recorded,7:00 PM,H,94,--,,,,,REBOUND OFF by TEAM,,,REBOUND OFF by TEAM,1,offensive rebound,,Centre,,,
95,4,spalding,Spalding,Centre,53-62,53,62,"9, 13, 11, 13, 7, 53","7, 10, 7, 22, 16, 62",9,13,11,13,7,53,7,10,7,22,16,62,1-3,3-0,11/24/15,Lose,112,No Location Recorded,7:00 PM,H,95,01:31,,,,,"SUB IN by RHULE,BONNIE",,,"SUB IN by RHULE,BONNIE",1,subbing in,,Centre,bonnie rhule,,91
96,4,spalding,Spalding,Centre,53-62,53,62,"9, 13, 11, 13, 7, 53","7, 10, 7, 22, 16, 62",9,13,11,13,7,53,7,10,7,22,16,62,1-3,3-0,11/24/15,Lose,112,No Location Recorded,7:00 PM,H,96,01:31,,,,,"SUB IN by MOORE,KATIE",,,"SUB IN by MOORE,KATIE",1,subbing in,,Centre,katie moore,,91
97,4,spalding,Spalding,Centre,53-62,53,62,"9, 13, 11, 13, 7, 53","7, 10, 7, 22, 16, 62",9,13,11,13,7,53,7,10,7,22,16,62,1-3,3-0,11/24/15,Lose,112,No Location Recorded,7:00 PM,H,97,01:31,,,,,"SUB IN by LEWIS,KENDALL",,,"SUB IN by LEWIS,KENDALL",1,subbing in,,Centre,kendall lewis,,91
98,4,spalding,Spalding,Centre,53-62,53,62,"9, 13, 11, 13, 7, 53","7, 10, 7, 22, 16, 62",9,13,11,13,7,53,7,10,7,22,16,62,1-3,3-0,11/24/15,Lose,112,No Location Recorded,7:00 PM,H,98,01:31,,,,,"SUB OUT by ANDREASSEN,CAROLINE",,,"SUB OUT by ANDREASSEN,CAROLINE",1,subbing out,,Centre,caroline andreassen,,91
99,4,spalding,Spalding,Centre,53-62,53,62,"9, 13, 11, 13, 7, 53","7, 10, 7, 22, 16, 62",9,13,11,13,7,53,7,10,7,22,16,62,1-3,3-0,11/24/15,Lose,112,No Location Recorded,7:00 PM,H,99,01:31,,,,,"SUB OUT by GUY,ALEXIS",,,"SUB OUT by GUY,ALEXIS",1,subbing out,,Centre,alexis guy,,91
100,4,spalding,Spalding,Centre,53-62,53,62,"9, 13, 11, 13, 7, 53","7, 10, 7, 22, 16, 62",9,13,11,13,7,53,7,10,7,22,16,62,1-3,3-0,11/24/15,Lose,112,No Location Recorded,7:00 PM,H,100,01:31,,,,,"SUB OUT by KELLAM,PAIGE",,,"SUB OUT by KELLAM,PAIGE",1,subbing out,,Centre,paige kellam,,91
101,4,spalding,Spalding,Centre,53-62,53,62,"9, 13, 11, 13, 7, 53","7, 10, 7, 22, 16, 62",9,13,11,13,7,53,7,10,7,22,16,62,1-3,3-0,11/24/15,Lose,112,No Location Recorded,7:00 PM,H,101,01:25,,,,,"TURNOVER  by MOORE,KATIE",,,"TURNOVER  by MOORE,KATIE",1,turnover,,Centre,katie moore,,85
102,4,spalding,Spalding,Centre,53-62,53,62,"9, 13, 11, 13, 7, 53","7, 10, 7, 22, 16, 62",9,13,11,13,7,53,7,10,7,22,16,62,1-3,3-0,11/24/15,Lose,112,No Location Recorded,7:00 PM,H,102,01:04,"MISS JUMPER by KAISER,KELSEY",,,,,,,"MISS JUMPER by KAISER,KELSEY",1,jumper,missed,spalding,kelsey kaiser,,64
103,4,spalding,Spalding,Centre,53-62,53,62,"9, 13, 11, 13, 7, 53","7, 10, 7, 22, 16, 62",9,13,11,13,7,53,7,10,7,22,16,62,1-3,3-0,11/24/15,Lose,112,No Location Recorded,7:00 PM,H,103,--,"REBOUND OFF by HUNTER,BRANDY",,,,,,,"REBOUND OFF by HUNTER,BRANDY",1,offensive rebound,,spalding,brandy hunter,,
104,4,spalding,Spalding,Centre,53-62,53,62,"9, 13, 11, 13, 7, 53","7, 10, 7, 22, 16, 62",9,13,11,13,7,53,7,10,7,22,16,62,1-3,3-0,11/24/15,Lose,112,No Location Recorded,7:00 PM,H,104,00:51,"MISS JUMPER by MARTIN,ALEX",,,,,,,"MISS JUMPER by MARTIN,ALEX",1,jumper,missed,spalding,alex martin,,51
105,4,spalding,Spalding,Centre,53-62,53,62,"9, 13, 11, 13, 7, 53","7, 10, 7, 22, 16, 62",9,13,11,13,7,53,7,10,7,22,16,62,1-3,3-0,11/24/15,Lose,112,No Location Recorded,7:00 PM,H,105,--,,,,,REBOUND DEF by TEAM,,,REBOUND DEF by TEAM,1,defensive rebound,,Centre,,,
106,4,spalding,Spalding,Centre,53-62,53,62,"9, 13, 11, 13, 7, 53","7, 10, 7, 22, 16, 62",9,13,11,13,7,53,7,10,7,22,16,62,1-3,3-0,11/24/15,Lose,112,No Location Recorded,7:00 PM,H,106,00:23,,,,,"MISS JUMPER by MCKNIGHT,KAITLYN",,,"MISS JUMPER by MCKNIGHT,KAITLYN",1,jumper,missed,Centre,kaitlyn mcknight,,23
107,4,spalding,Spalding,Centre,53-62,53,62,"9, 13, 11, 13, 7, 53","7, 10, 7, 22, 16, 62",9,13,11,13,7,53,7,10,7,22,16,62,1-3,3-0,11/24/15,Lose,112,No Location Recorded,7:00 PM,H,107,--,"REBOUND DEF by KAISER,KELSEY",,,,,,,"REBOUND DEF by KAISER,KELSEY",1,defensive rebound,,spalding,kelsey kaiser,,
108,4,spalding,Spalding,Centre,53-62,53,62,"9, 13, 11, 13, 7, 53","7, 10, 7, 22, 16, 62",9,13,11,13,7,53,7,10,7,22,16,62,1-3,3-0,11/24/15,Lose,112,No Location Recorded,7:00 PM,H,108,00:00,"MISS 3PTR by HUNTER,BRANDY",,,,,,,"MISS 3PTR by HUNTER,BRANDY",1,three pointer,missed,spalding,brandy hunter,,0
109,4,spalding,Spalding,Centre,53-62,53,62,"9, 13, 11, 13, 7, 53","7, 10, 7, 22, 16, 62",9,13,11,13,7,53,7,10,7,22,16,62,1-3,3-0,11/24/15,Lose,112,No Location Recorded,7:00 PM,H,109,--,,,,,REBOUND DEF by TEAM,,,REBOUND DEF by TEAM,1,defensive rebound,,Centre,,,
110,4,spalding,Spalding,Centre,53-62,53,62,"9, 13, 11, 13, 7, 53","7, 10, 7, 22, 16, 62",9,13,11,13,7,53,7,10,7,22,16,62,1-3,3-0,11/24/15,Lose,112,No Location Recorded,7:00 PM,H,110,Start Period 2,,,,,,,,,2,,,,,,
111,4,spalding,Spalding,Centre,53-62,53,62,"9, 13, 11, 13, 7, 53","7, 10, 7, 22, 16, 62",9,13,11,13,7,53,7,10,7,22,16,62,1-3,3-0,11/24/15,Lose,112,No Location Recorded,7:00 PM,H,111,10:00,"SUB IN by HUNTER,BRANDY",,,,,,,"SUB IN by HUNTER,BRANDY",2,subbing in,,spalding,brandy hunter,,600
112,4,spalding,Spalding,Centre,53-62,53,62,"9, 13, 11, 13, 7, 53","7, 10, 7, 22, 16, 62",9,13,11,13,7,53,7,10,7,22,16,62,1-3,3-0,11/24/15,Lose,112,No Location Recorded,7:00 PM,H,112,10:00,"SUB OUT by MYERS,MACKENZIE",,,,,,,"SUB OUT by MYERS,MACKENZIE",2,subbing out,,spalding,mackenzie myers,,600
113,4,spalding,Spalding,Centre,53-62,53,62,"9, 13, 11, 13, 7, 53","7, 10, 7, 22, 16, 62",9,13,11,13,7,53,7,10,7,22,16,62,1-3,3-0,11/24/15,Lose,112,No Location Recorded,7:00 PM,H,113,09:43,"MISS JUMPER by SKAGGS,JULIE",,,,,,,"MISS JUMPER by SKAGGS,JULIE",2,jumper,missed,spalding,julie skaggs,,583
114,4,spalding,Spalding,Centre,53-62,53,62,"9, 13, 11, 13, 7, 53","7, 10, 7, 22, 16, 62",9,13,11,13,7,53,7,10,7,22,16,62,1-3,3-0,11/24/15,Lose,112,No Location Recorded,7:00 PM,H,114,--,"REBOUND OFF by HARDIN,MAYA",,,,,,,"REBOUND OFF by HARDIN,MAYA",2,offensive rebound,,spalding,maya hardin,,
115,4,spalding,Spalding,Centre,53-62,53,62,"9, 13, 11, 13, 7, 53","7, 10, 7, 22, 16, 62",9,13,11,13,7,53,7,10,7,22,16,62,1-3,3-0,11/24/15,Lose,112,No Location Recorded,7:00 PM,H,115,09:41,"MISS LAYUP by HARDIN,MAYA",,,,,,,"MISS LAYUP by HARDIN,MAYA",2,layup,missed,spalding,maya hardin,,581
116,4,spalding,Spalding,Centre,53-62,53,62,"9, 13, 11, 13, 7, 53","7, 10, 7, 22, 16, 62",9,13,11,13,7,53,7,10,7,22,16,62,1-3,3-0,11/24/15,Lose,112,No Location Recorded,7:00 PM,H,116,--,"REBOUND OFF by HUNTER,BRANDY",,,,,,,"REBOUND OFF by HUNTER,BRANDY",2,offensive rebound,,spalding,brandy hunter,,
117,4,spalding,Spalding,Centre,53-62,53,62,"9, 13, 11, 13, 7, 53","7, 10, 7, 22, 16, 62",9,13,11,13,7,53,7,10,7,22,16,62,1-3,3-0,11/24/15,Lose,112,No Location Recorded,7:00 PM,H,117,09:37,"MISS 3PTR by HUNTER,BRANDY",,,,,,,"MISS 3PTR by HUNTER,BRANDY",2,three pointer,missed,spalding,brandy hunter,,577
118,4,spalding,Spalding,Centre,53-62,53,62,"9, 13, 11, 13, 7, 53","7, 10, 7, 22, 16, 62",9,13,11,13,7,53,7,10,7,22,16,62,1-3,3-0,11/24/15,Lose,112,No Location Recorded,7:00 PM,H,118,--,"REBOUND OFF by HARDIN,MAYA",,,,,,,"REBOUND OFF by HARDIN,MAYA",2,offensive rebound,,spalding,maya hardin,,
119,4,spalding,Spalding,Centre,53-62,53,62,"9, 13, 11, 13, 7, 53","7, 10, 7, 22, 16, 62",9,13,11,13,7,53,7,10,7,22,16,62,1-3,3-0,11/24/15,Lose,112,No Location Recorded,7:00 PM,H,119,09:31,"GOOD 3PTR by HUNTER,BRANDY",10 (+1),,9,,SPALDING 10-9 (-1),,"GOOD 3PTR by HUNTER,BRANDY",2,three pointer,good,spalding,brandy hunter,3,571
120,4,spalding,Spalding,Centre,53-62,53,62,"9, 13, 11, 13, 7, 53","7, 10, 7, 22, 16, 62",9,13,11,13,7,53,7,10,7,22,16,62,1-3,3-0,11/24/15,Lose,112,No Location Recorded,7:00 PM,H,120,--,"ASSIST  by MARTIN,ALEX",,,,,,,"ASSIST  by MARTIN,ALEX",2,assist,,spalding,alex martin,,
121,4,spalding,Spalding,Centre,53-62,53,62,"9, 13, 11, 13, 7, 53","7, 10, 7, 22, 16, 62",9,13,11,13,7,53,7,10,7,22,16,62,1-3,3-0,11/24/15,Lose,112,No Location Recorded,7:00 PM,H,121,09:15,"FOUL  by SKAGGS,JULIE",,,,,,,"FOUL  by SKAGGS,JULIE",2,foul,,spalding,julie skaggs,,555
122,4,spalding,Spalding,Centre,53-62,53,62,"9, 13, 11, 13, 7, 53","7, 10, 7, 22, 16, 62",9,13,11,13,7,53,7,10,7,22,16,62,1-3,3-0,11/24/15,Lose,112,No Location Recorded,7:00 PM,H,122,09:15,,10,,10,"GOOD FT by MOORE,KATIE",CENTRE-W 10-10 (0),,"GOOD FT by MOORE,KATIE",2,free throw,good,Centre,katie moore,1,555
123,4,spalding,Spalding,Centre,53-62,53,62,"9, 13, 11, 13, 7, 53","7, 10, 7, 22, 16, 62",9,13,11,13,7,53,7,10,7,22,16,62,1-3,3-0,11/24/15,Lose,112,No Location Recorded,7:00 PM,H,123,09:15,,10,,11 (+1),"GOOD FT by MOORE,KATIE",CENTRE-W 10-11 (+1),,"GOOD FT by MOORE,KATIE",2,free throw,good,Centre,katie moore,1,555
124,4,spalding,Spalding,Centre,53-62,53,62,"9, 13, 11, 13, 7, 53","7, 10, 7, 22, 16, 62",9,13,11,13,7,53,7,10,7,22,16,62,1-3,3-0,11/24/15,Lose,112,No Location Recorded,7:00 PM,H,124,09:05,,,,,"FOUL  by MCKNIGHT,KAITLYN",,,"FOUL  by MCKNIGHT,KAITLYN",2,foul,,Centre,kaitlyn mcknight,,545
125,4,spalding,Spalding,Centre,53-62,53,62,"9, 13, 11, 13, 7, 53","7, 10, 7, 22, 16, 62",9,13,11,13,7,53,7,10,7,22,16,62,1-3,3-0,11/24/15,Lose,112,No Location Recorded,7:00 PM,H,125,09:05,"GOOD FT by HARDIN,MAYA",11,,11,,SPALDING 11-11 (0),,"GOOD FT by HARDIN,MAYA",2,free throw,good,spalding,maya hardin,1,545
126,4,spalding,Spalding,Centre,53-62,53,62,"9, 13, 11, 13, 7, 53","7, 10, 7, 22, 16, 62",9,13,11,13,7,53,7,10,7,22,16,62,1-3,3-0,11/24/15,Lose,112,No Location Recorded,7:00 PM,H,126,09:05,"MISS FT by HARDIN,MAYA",,,,,,,"MISS FT by HARDIN,MAYA",2,free throw,missed,spalding,maya hardin,,545
127,4,spalding,Spalding,Centre,53-62,53,62,"9, 13, 11, 13, 7, 53","7, 10, 7, 22, 16, 62",9,13,11,13,7,53,7,10,7,22,16,62,1-3,3-0,11/24/15,Lose,112,No Location Recorded,7:00 PM,H,127,--,,,,,"REBOUND DEF by VANCE,DAY",,,"REBOUND DEF by VANCE,DAY",2,defensive rebound,,Centre,day vance,,
128,4,spalding,Spalding,Centre,53-62,53,62,"9, 13, 11, 13, 7, 53","7, 10, 7, 22, 16, 62",9,13,11,13,7,53,7,10,7,22,16,62,1-3,3-0,11/24/15,Lose,112,No Location Recorded,7:00 PM,H,128,09:05,,,,,"SUB IN by VANCE,DAY",,,"SUB IN by VANCE,DAY",2,subbing in,,Centre,day vance,,545
129,4,spalding,Spalding,Centre,53-62,53,62,"9, 13, 11, 13, 7, 53","7, 10, 7, 22, 16, 62",9,13,11,13,7,53,7,10,7,22,16,62,1-3,3-0,11/24/15,Lose,112,No Location Recorded,7:00 PM,H,129,09:05,,,,,"SUB OUT by MCKNIGHT,KAITLYN",,,"SUB OUT by MCKNIGHT,KAITLYN",2,subbing out,,Centre,kaitlyn mcknight,,545
130,4,spalding,Spalding,Centre,53-62,53,62,"9, 13, 11, 13, 7, 53","7, 10, 7, 22, 16, 62",9,13,11,13,7,53,7,10,7,22,16,62,1-3,3-0,11/24/15,Lose,112,No Location Recorded,7:00 PM,H,130,08:38,,,,,"SUB IN by ANDREASSEN,CAROLINE",,,"SUB IN by ANDREASSEN,CAROLINE",2,subbing in,,Centre,caroline andreassen,,518
131,4,spalding,Spalding,Centre,53-62,53,62,"9, 13, 11, 13, 7, 53","7, 10, 7, 22, 16, 62",9,13,11,13,7,53,7,10,7,22,16,62,1-3,3-0,11/24/15,Lose,112,No Location Recorded,7:00 PM,H,131,08:38,,,,,"SUB OUT by RHULE,BONNIE",,,"SUB OUT by RHULE,BONNIE",2,subbing out,,Centre,bonnie rhule,,518
132,4,spalding,Spalding,Centre,53-62,53,62,"9, 13, 11, 13, 7, 53","7, 10, 7, 22, 16, 62",9,13,11,13,7,53,7,10,7,22,16,62,1-3,3-0,11/24/15,Lose,112,No Location Recorded,7:00 PM,H,132,08:34,,,,,"MISS JUMPER by JUDY,MICHELE",,,"MISS JUMPER by JUDY,MICHELE",2,jumper,missed,Centre,michele judy,,514
133,4,spalding,Spalding,Centre,53-62,53,62,"9, 13, 11, 13, 7, 53","7, 10, 7, 22, 16, 62",9,13,11,13,7,53,7,10,7,22,16,62,1-3,3-0,11/24/15,Lose,112,No Location Recorded,7:00 PM,H,133,--,,,,,"REBOUND OFF by VANCE,DAY",,,"REBOUND OFF by VANCE,DAY",2,offensive rebound,,Centre,day vance,,
134,4,spalding,Spalding,Centre,53-62,53,62,"9, 13, 11, 13, 7, 53","7, 10, 7, 22, 16, 62",9,13,11,13,7,53,7,10,7,22,16,62,1-3,3-0,11/24/15,Lose,112,No Location Recorded,7:00 PM,H,134,08:14,,,,,"TURNOVER  by GUY,ALEXIS",,,"TURNOVER  by GUY,ALEXIS",2,turnover,,Centre,alexis guy,,494
135,4,spalding,Spalding,Centre,53-62,53,62,"9, 13, 11, 13, 7, 53","7, 10, 7, 22, 16, 62",9,13,11,13,7,53,7,10,7,22,16,62,1-3,3-0,11/24/15,Lose,112,No Location Recorded,7:00 PM,H,135,08:13,"STEAL  by HUNTER,BRANDY",,,,,,,"STEAL  by HUNTER,BRANDY",2,steal,,spalding,,,493
136,4,spalding,Spalding,Centre,53-62,53,62,"9, 13, 11, 13, 7, 53","7, 10, 7, 22, 16, 62",9,13,11,13,7,53,7,10,7,22,16,62,1-3,3-0,11/24/15,Lose,112,No Location Recorded,7:00 PM,H,136,08:06,"MISS 3PTR by HARDIN,MAYA",,,,,,,"MISS 3PTR by HARDIN,MAYA",2,three pointer,missed,spalding,maya hardin,,486
137,4,spalding,Spalding,Centre,53-62,53,62,"9, 13, 11, 13, 7, 53","7, 10, 7, 22, 16, 62",9,13,11,13,7,53,7,10,7,22,16,62,1-3,3-0,11/24/15,Lose,112,No Location Recorded,7:00 PM,H,137,--,"REBOUND OFF by HUNTER,BRANDY",,,,,,,"REBOUND OFF by HUNTER,BRANDY",2,offensive rebound,,spalding,brandy hunter,,
138,4,spalding,Spalding,Centre,53-62,53,62,"9, 13, 11, 13, 7, 53","7, 10, 7, 22, 16, 62",9,13,11,13,7,53,7,10,7,22,16,62,1-3,3-0,11/24/15,Lose,112,No Location Recorded,7:00 PM,H,138,08:01,"GOOD JUMPER by HUNTER,BRANDY(in the paint)",13 (+2),,11,,SPALDING 13-11 (-2),,"GOOD JUMPER by HUNTER,BRANDY(in the paint)",2,jumper,good,spalding,brandy hunter,2,481
139,4,spalding,Spalding,Centre,53-62,53,62,"9, 13, 11, 13, 7, 53","7, 10, 7, 22, 16, 62",9,13,11,13,7,53,7,10,7,22,16,62,1-3,3-0,11/24/15,Lose,112,No Location Recorded,7:00 PM,H,139,07:43,,,,,"MISS 3PTR by GUY,ALEXIS",,,"MISS 3PTR by GUY,ALEXIS",2,three pointer,missed,Centre,alexis guy,,463
140,4,spalding,Spalding,Centre,53-62,53,62,"9, 13, 11, 13, 7, 53","7, 10, 7, 22, 16, 62",9,13,11,13,7,53,7,10,7,22,16,62,1-3,3-0,11/24/15,Lose,112,No Location Recorded,7:00 PM,H,140,--,REBOUND DEF by TEAM,,,,,,,REBOUND DEF by TEAM,2,defensive rebound,,Centre,,,
141,4,spalding,Spalding,Centre,53-62,53,62,"9, 13, 11, 13, 7, 53","7, 10, 7, 22, 16, 62",9,13,11,13,7,53,7,10,7,22,16,62,1-3,3-0,11/24/15,Lose,112,No Location Recorded,7:00 PM,H,141,07:41,"SUB IN by MARTIN,MADDIE",,,,,,,"SUB IN by MARTIN,MADDIE",2,subbing in,,spalding,maddie martin,,461
142,4,spalding,Spalding,Centre,53-62,53,62,"9, 13, 11, 13, 7, 53","7, 10, 7, 22, 16, 62",9,13,11,13,7,53,7,10,7,22,16,62,1-3,3-0,11/24/15,Lose,112,No Location Recorded,7:00 PM,H,142,07:41,"SUB OUT by SKAGGS,JULIE",,,,,,,"SUB OUT by SKAGGS,JULIE",2,subbing out,,spalding,julie skaggs,,461
143,4,spalding,Spalding,Centre,53-62,53,62,"9, 13, 11, 13, 7, 53","7, 10, 7, 22, 16, 62",9,13,11,13,7,53,7,10,7,22,16,62,1-3,3-0,11/24/15,Lose,112,No Location Recorded,7:00 PM,H,143,07:25,"MISS JUMPER by MARTIN,ALEX",,,,,,,"MISS JUMPER by MARTIN,ALEX",2,jumper,missed,spalding,alex martin,,445
144,4,spalding,Spalding,Centre,53-62,53,62,"9, 13, 11, 13, 7, 53","7, 10, 7, 22, 16, 62",9,13,11,13,7,53,7,10,7,22,16,62,1-3,3-0,11/24/15,Lose,112,No Location Recorded,7:00 PM,H,144,--,,,,,"REBOUND DEF by ANDREASSEN,CAROLINE",,,"REBOUND DEF by ANDREASSEN,CAROLINE",2,defensive rebound,,Centre,caroline andreassen,,
145,4,spalding,Spalding,Centre,53-62,53,62,"9, 13, 11, 13, 7, 53","7, 10, 7, 22, 16, 62",9,13,11,13,7,53,7,10,7,22,16,62,1-3,3-0,11/24/15,Lose,112,No Location Recorded,7:00 PM,H,145,07:03,,,,,"TURNOVER  by ANDREASSEN,CAROLINE",,,"TURNOVER  by ANDREASSEN,CAROLINE",2,turnover,,Centre,caroline andreassen,,423
146,4,spalding,Spalding,Centre,53-62,53,62,"9, 13, 11, 13, 7, 53","7, 10, 7, 22, 16, 62",9,13,11,13,7,53,7,10,7,22,16,62,1-3,3-0,11/24/15,Lose,112,No Location Recorded,7:00 PM,H,146,07:01,"STEAL  by HUNTER,BRANDY",,,,,,,"STEAL  by HUNTER,BRANDY",2,steal,,spalding,,,421
147,4,spalding,Spalding,Centre,53-62,53,62,"9, 13, 11, 13, 7, 53","7, 10, 7, 22, 16, 62",9,13,11,13,7,53,7,10,7,22,16,62,1-3,3-0,11/24/15,Lose,112,No Location Recorded,7:00 PM,H,147,06:58,"GOOD LAYUP by HARDIN,MAYA(fastbreak)(in the paint)",15 (+4),,11,,SPALDING 15-11 (-4),,"GOOD LAYUP by HARDIN,MAYA(fastbreak)(in the paint)",2,layup,good,spalding,maya(fastbreak) hardin,2,418
148,4,spalding,Spalding,Centre,53-62,53,62,"9, 13, 11, 13, 7, 53","7, 10, 7, 22, 16, 62",9,13,11,13,7,53,7,10,7,22,16,62,1-3,3-0,11/24/15,Lose,112,No Location Recorded,7:00 PM,H,148,--,"ASSIST  by HUNTER,BRANDY",,,,,,,"ASSIST  by HUNTER,BRANDY",2,assist,,spalding,brandy hunter,,
149,4,spalding,Spalding,Centre,53-62,53,62,"9, 13, 11, 13, 7, 53","7, 10, 7, 22, 16, 62",9,13,11,13,7,53,7,10,7,22,16,62,1-3,3-0,11/24/15,Lose,112,No Location Recorded,7:00 PM,H,149,06:49,,,,,"SUB IN by KELLAM,PAIGE",,,"SUB IN by KELLAM,PAIGE",2,subbing in,,Centre,paige kellam,,409
150,4,spalding,Spalding,Centre,53-62,53,62,"9, 13, 11, 13, 7, 53","7, 10, 7, 22, 16, 62",9,13,11,13,7,53,7,10,7,22,16,62,1-3,3-0,11/24/15,Lose,112,No Location Recorded,7:00 PM,H,150,06:49,,,,,"SUB OUT by MOORE,KATIE",,,"SUB OUT by MOORE,KATIE",2,subbing out,,Centre,katie moore,,409
151,4,spalding,Spalding,Centre,53-62,53,62,"9, 13, 11, 13, 7, 53","7, 10, 7, 22, 16, 62",9,13,11,13,7,53,7,10,7,22,16,62,1-3,3-0,11/24/15,Lose,112,No Location Recorded,7:00 PM,H,151,06:41,,,,,"SUB IN by RICE,MADISON",,,"SUB IN by RICE,MADISON",2,subbing in,,Centre,madison rice,,401
152,4,spalding,Spalding,Centre,53-62,53,62,"9, 13, 11, 13, 7, 53","7, 10, 7, 22, 16, 62",9,13,11,13,7,53,7,10,7,22,16,62,1-3,3-0,11/24/15,Lose,112,No Location Recorded,7:00 PM,H,152,06:41,,,,,"SUB OUT by JUDY,MICHELE",,,"SUB OUT by JUDY,MICHELE",2,subbing out,,Centre,michele judy,,401
153,4,spalding,Spalding,Centre,53-62,53,62,"9, 13, 11, 13, 7, 53","7, 10, 7, 22, 16, 62",9,13,11,13,7,53,7,10,7,22,16,62,1-3,3-0,11/24/15,Lose,112,No Location Recorded,7:00 PM,H,153,06:29,,15 (+2),,13,"GOOD JUMPER by VANCE,DAY(in the paint)",CENTRE-W 15-13 (-2),,"GOOD JUMPER by VANCE,DAY(in the paint)",2,jumper,good,Centre,day vance,2,389
154,4,spalding,Spalding,Centre,53-62,53,62,"9, 13, 11, 13, 7, 53","7, 10, 7, 22, 16, 62",9,13,11,13,7,53,7,10,7,22,16,62,1-3,3-0,11/24/15,Lose,112,No Location Recorded,7:00 PM,H,154,--,,,,,"ASSIST  by KELLAM,PAIGE",,,"ASSIST  by KELLAM,PAIGE",2,assist,,Centre,paige kellam,,
155,4,spalding,Spalding,Centre,53-62,53,62,"9, 13, 11, 13, 7, 53","7, 10, 7, 22, 16, 62",9,13,11,13,7,53,7,10,7,22,16,62,1-3,3-0,11/24/15,Lose,112,No Location Recorded,7:00 PM,H,155,06:02,"MISS JUMPER by HUNTER,BRANDY",,,,,,,"MISS JUMPER by HUNTER,BRANDY",2,jumper,missed,spalding,brandy hunter,,362
156,4,spalding,Spalding,Centre,53-62,53,62,"9, 13, 11, 13, 7, 53","7, 10, 7, 22, 16, 62",9,13,11,13,7,53,7,10,7,22,16,62,1-3,3-0,11/24/15,Lose,112,No Location Recorded,7:00 PM,H,156,--,,,,,"REBOUND DEF by RICE,MADISON",,,"REBOUND DEF by RICE,MADISON",2,defensive rebound,,Centre,madison rice,,
157,4,spalding,Spalding,Centre,53-62,53,62,"9, 13, 11, 13, 7, 53","7, 10, 7, 22, 16, 62",9,13,11,13,7,53,7,10,7,22,16,62,1-3,3-0,11/24/15,Lose,112,No Location Recorded,7:00 PM,H,157,05:51,,,,,"MISS 3PTR by GUY,ALEXIS",,,"MISS 3PTR by GUY,ALEXIS",2,three pointer,missed,Centre,alexis guy,,351
158,4,spalding,Spalding,Centre,53-62,53,62,"9, 13, 11, 13, 7, 53","7, 10, 7, 22, 16, 62",9,13,11,13,7,53,7,10,7,22,16,62,1-3,3-0,11/24/15,Lose,112,No Location Recorded,7:00 PM,H,158,--,"REBOUND DEF by MARTIN,MADDIE",,,,,,,"REBOUND DEF by MARTIN,MADDIE",2,defensive rebound,,spalding,maddie martin,,
159,4,spalding,Spalding,Centre,53-62,53,62,"9, 13, 11, 13, 7, 53","7, 10, 7, 22, 16, 62",9,13,11,13,7,53,7,10,7,22,16,62,1-3,3-0,11/24/15,Lose,112,No Location Recorded,7:00 PM,H,159,05:39,,,,,"FOUL  by GUY,ALEXIS",,,"FOUL  by GUY,ALEXIS",2,foul,,Centre,alexis guy,,339
160,4,spalding,Spalding,Centre,53-62,53,62,"9, 13, 11, 13, 7, 53","7, 10, 7, 22, 16, 62",9,13,11,13,7,53,7,10,7,22,16,62,1-3,3-0,11/24/15,Lose,112,No Location Recorded,7:00 PM,H,160,05:39,"SUB IN by KAISER,KELSEY",,,,,,,"SUB IN by KAISER,KELSEY",2,subbing in,,spalding,kelsey kaiser,,339
161,4,spalding,Spalding,Centre,53-62,53,62,"9, 13, 11, 13, 7, 53","7, 10, 7, 22, 16, 62",9,13,11,13,7,53,7,10,7,22,16,62,1-3,3-0,11/24/15,Lose,112,No Location Recorded,7:00 PM,H,161,05:39,"SUB OUT by HARDIN,MAYA",,,,,,,"SUB OUT by HARDIN,MAYA",2,subbing out,,spalding,maya hardin,,339
162,4,spalding,Spalding,Centre,53-62,53,62,"9, 13, 11, 13, 7, 53","7, 10, 7, 22, 16, 62",9,13,11,13,7,53,7,10,7,22,16,62,1-3,3-0,11/24/15,Lose,112,No Location Recorded,7:00 PM,H,162,05:39,,,,,"SUB IN by RHULE,BONNIE",,,"SUB IN by RHULE,BONNIE",2,subbing in,,Centre,bonnie rhule,,339
163,4,spalding,Spalding,Centre,53-62,53,62,"9, 13, 11, 13, 7, 53","7, 10, 7, 22, 16, 62",9,13,11,13,7,53,7,10,7,22,16,62,1-3,3-0,11/24/15,Lose,112,No Location Recorded,7:00 PM,H,163,05:39,,,,,"SUB IN by MOORE,KATIE",,,"SUB IN by MOORE,KATIE",2,subbing in,,Centre,katie moore,,339
164,4,spalding,Spalding,Centre,53-62,53,62,"9, 13, 11, 13, 7, 53","7, 10, 7, 22, 16, 62",9,13,11,13,7,53,7,10,7,22,16,62,1-3,3-0,11/24/15,Lose,112,No Location Recorded,7:00 PM,H,164,05:39,,,,,"SUB OUT by ANDREASSEN,CAROLINE",,,"SUB OUT by ANDREASSEN,CAROLINE",2,subbing out,,Centre,caroline andreassen,,339
165,4,spalding,Spalding,Centre,53-62,53,62,"9, 13, 11, 13, 7, 53","7, 10, 7, 22, 16, 62",9,13,11,13,7,53,7,10,7,22,16,62,1-3,3-0,11/24/15,Lose,112,No Location Recorded,7:00 PM,H,165,05:39,,,,,"SUB OUT by GUY,ALEXIS",,,"SUB OUT by GUY,ALEXIS",2,subbing out,,Centre,alexis guy,,339
166,4,spalding,Spalding,Centre,53-62,53,62,"9, 13, 11, 13, 7, 53","7, 10, 7, 22, 16, 62",9,13,11,13,7,53,7,10,7,22,16,62,1-3,3-0,11/24/15,Lose,112,No Location Recorded,7:00 PM,H,166,05:36,"TURNOVER  by MARTIN,MADDIE",,,,,,,"TURNOVER  by MARTIN,MADDIE",2,turnover,,spalding,maddie martin,,336
167,4,spalding,Spalding,Centre,53-62,53,62,"9, 13, 11, 13, 7, 53","7, 10, 7, 22, 16, 62",9,13,11,13,7,53,7,10,7,22,16,62,1-3,3-0,11/24/15,Lose,112,No Location Recorded,7:00 PM,H,167,05:36,"FOUL  by MARTIN,MADDIE",,,,,,,"FOUL  by MARTIN,MADDIE",2,foul,,spalding,maddie martin,,336
168,4,spalding,Spalding,Centre,53-62,53,62,"9, 13, 11, 13, 7, 53","7, 10, 7, 22, 16, 62",9,13,11,13,7,53,7,10,7,22,16,62,1-3,3-0,11/24/15,Lose,112,No Location Recorded,7:00 PM,H,168,05:36,"SUB IN by MYERS,MACKENZIE",,,,,,,"SUB IN by MYERS,MACKENZIE",2,subbing in,,spalding,mackenzie myers,,336
169,4,spalding,Spalding,Centre,53-62,53,62,"9, 13, 11, 13, 7, 53","7, 10, 7, 22, 16, 62",9,13,11,13,7,53,7,10,7,22,16,62,1-3,3-0,11/24/15,Lose,112,No Location Recorded,7:00 PM,H,169,05:36,"SUB OUT by MARTIN,MADDIE",,,,,,,"SUB OUT by MARTIN,MADDIE",2,subbing out,,spalding,maddie martin,,336
170,4,spalding,Spalding,Centre,53-62,53,62,"9, 13, 11, 13, 7, 53","7, 10, 7, 22, 16, 62",9,13,11,13,7,53,7,10,7,22,16,62,1-3,3-0,11/24/15,Lose,112,No Location Recorded,7:00 PM,H,170,05:07,,,,,"MISS JUMPER by VANCE,DAY",,,"MISS JUMPER by VANCE,DAY",2,jumper,missed,Centre,day vance,,307
171,4,spalding,Spalding,Centre,53-62,53,62,"9, 13, 11, 13, 7, 53","7, 10, 7, 22, 16, 62",9,13,11,13,7,53,7,10,7,22,16,62,1-3,3-0,11/24/15,Lose,112,No Location Recorded,7:00 PM,H,171,--,"REBOUND DEF by SLITER,DEE DEE",,,,,,,"REBOUND DEF by SLITER,DEE DEE",2,defensive rebound,,spalding,dee dee sliter,,
172,4,spalding,Spalding,Centre,53-62,53,62,"9, 13, 11, 13, 7, 53","7, 10, 7, 22, 16, 62",9,13,11,13,7,53,7,10,7,22,16,62,1-3,3-0,11/24/15,Lose,112,No Location Recorded,7:00 PM,H,172,04:54,"TURNOVER  by MYERS,MACKENZIE",,,,,,,"TURNOVER  by MYERS,MACKENZIE",2,turnover,,spalding,mackenzie myers,,294
173,4,spalding,Spalding,Centre,53-62,53,62,"9, 13, 11, 13, 7, 53","7, 10, 7, 22, 16, 62",9,13,11,13,7,53,7,10,7,22,16,62,1-3,3-0,11/24/15,Lose,112,No Location Recorded,7:00 PM,H,173,04:52,,,,,"STEAL  by RICE,MADISON",,,"STEAL  by RICE,MADISON",2,steal,,Centre,,,292
174,4,spalding,Spalding,Centre,53-62,53,62,"9, 13, 11, 13, 7, 53","7, 10, 7, 22, 16, 62",9,13,11,13,7,53,7,10,7,22,16,62,1-3,3-0,11/24/15,Lose,112,No Location Recorded,7:00 PM,H,174,04:46,,15,,16 (+1),"GOOD 3PTR by MOORE,KATIE",CENTRE-W 15-16 (+1),,"GOOD 3PTR by MOORE,KATIE",2,three pointer,good,Centre,katie moore,3,286
175,4,spalding,Spalding,Centre,53-62,53,62,"9, 13, 11, 13, 7, 53","7, 10, 7, 22, 16, 62",9,13,11,13,7,53,7,10,7,22,16,62,1-3,3-0,11/24/15,Lose,112,No Location Recorded,7:00 PM,H,175,--,,,,,"ASSIST  by KELLAM,PAIGE",,,"ASSIST  by KELLAM,PAIGE",2,assist,,Centre,paige kellam,,
176,4,spalding,Spalding,Centre,53-62,53,62,"9, 13, 11, 13, 7, 53","7, 10, 7, 22, 16, 62",9,13,11,13,7,53,7,10,7,22,16,62,1-3,3-0,11/24/15,Lose,112,No Location Recorded,7:00 PM,H,176,04:13,"MISS JUMPER by MYERS,MACKENZIE",,,,,,,"MISS JUMPER by MYERS,MACKENZIE",2,jumper,missed,spalding,mackenzie myers,,253
177,4,spalding,Spalding,Centre,53-62,53,62,"9, 13, 11, 13, 7, 53","7, 10, 7, 22, 16, 62",9,13,11,13,7,53,7,10,7,22,16,62,1-3,3-0,11/24/15,Lose,112,No Location Recorded,7:00 PM,H,177,04:13,,,,,"BLOCK  by VANCE,DAY",,,"BLOCK  by VANCE,DAY",2,block,,Centre,day vance,,253
178,4,spalding,Spalding,Centre,53-62,53,62,"9, 13, 11, 13, 7, 53","7, 10, 7, 22, 16, 62",9,13,11,13,7,53,7,10,7,22,16,62,1-3,3-0,11/24/15,Lose,112,No Location Recorded,7:00 PM,H,178,--,,,,,"REBOUND DEF by MOORE,KATIE",,,"REBOUND DEF by MOORE,KATIE",2,defensive rebound,,Centre,katie moore,,
179,4,spalding,Spalding,Centre,53-62,53,62,"9, 13, 11, 13, 7, 53","7, 10, 7, 22, 16, 62",9,13,11,13,7,53,7,10,7,22,16,62,1-3,3-0,11/24/15,Lose,112,No Location Recorded,7:00 PM,H,179,04:02,,15,,18 (+3),"GOOD JUMPER by RICE,MADISON",CENTRE-W 15-18 (+3),,"GOOD JUMPER by RICE,MADISON",2,jumper,good,Centre,madison rice,2,242
180,4,spalding,Spalding,Centre,53-62,53,62,"9, 13, 11, 13, 7, 53","7, 10, 7, 22, 16, 62",9,13,11,13,7,53,7,10,7,22,16,62,1-3,3-0,11/24/15,Lose,112,No Location Recorded,7:00 PM,H,180,--,,,,,"ASSIST  by MOORE,KATIE",,,"ASSIST  by MOORE,KATIE",2,assist,,Centre,katie moore,,
181,4,spalding,Spalding,Centre,53-62,53,62,"9, 13, 11, 13, 7, 53","7, 10, 7, 22, 16, 62",9,13,11,13,7,53,7,10,7,22,16,62,1-3,3-0,11/24/15,Lose,112,No Location Recorded,7:00 PM,H,181,03:43,,,,,"FOUL  by RICE,MADISON",,,"FOUL  by RICE,MADISON",2,foul,,Centre,madison rice,,223
182,4,spalding,Spalding,Centre,53-62,53,62,"9, 13, 11, 13, 7, 53","7, 10, 7, 22, 16, 62",9,13,11,13,7,53,7,10,7,22,16,62,1-3,3-0,11/24/15,Lose,112,No Location Recorded,7:00 PM,H,182,03:43,"SUB IN by SKAGGS,JULIE",,,,,,,"SUB IN by SKAGGS,JULIE",2,subbing in,,spalding,julie skaggs,,223
183,4,spalding,Spalding,Centre,53-62,53,62,"9, 13, 11, 13, 7, 53","7, 10, 7, 22, 16, 62",9,13,11,13,7,53,7,10,7,22,16,62,1-3,3-0,11/24/15,Lose,112,No Location Recorded,7:00 PM,H,183,03:43,"SUB IN by GEORGE,MARIA",,,,,,,"SUB IN by GEORGE,MARIA",2,subbing in,,spalding,maria george,,223
184,4,spalding,Spalding,Centre,53-62,53,62,"9, 13, 11, 13, 7, 53","7, 10, 7, 22, 16, 62",9,13,11,13,7,53,7,10,7,22,16,62,1-3,3-0,11/24/15,Lose,112,No Location Recorded,7:00 PM,H,184,03:43,"SUB OUT by KAISER,KELSEY",,,,,,,"SUB OUT by KAISER,KELSEY",2,subbing out,,spalding,kelsey kaiser,,223
185,4,spalding,Spalding,Centre,53-62,53,62,"9, 13, 11, 13, 7, 53","7, 10, 7, 22, 16, 62",9,13,11,13,7,53,7,10,7,22,16,62,1-3,3-0,11/24/15,Lose,112,No Location Recorded,7:00 PM,H,185,03:43,"SUB OUT by MARTIN,ALEX",,,,,,,"SUB OUT by MARTIN,ALEX",2,subbing out,,spalding,alex martin,,223
186,4,spalding,Spalding,Centre,53-62,53,62,"9, 13, 11, 13, 7, 53","7, 10, 7, 22, 16, 62",9,13,11,13,7,53,7,10,7,22,16,62,1-3,3-0,11/24/15,Lose,112,No Location Recorded,7:00 PM,H,186,03:43,,,,,"SUB IN by JUDY,MICHELE",,,"SUB IN by JUDY,MICHELE",2,subbing in,,Centre,michele judy,,223
187,4,spalding,Spalding,Centre,53-62,53,62,"9, 13, 11, 13, 7, 53","7, 10, 7, 22, 16, 62",9,13,11,13,7,53,7,10,7,22,16,62,1-3,3-0,11/24/15,Lose,112,No Location Recorded,7:00 PM,H,187,03:43,,,,,"SUB IN by SCHAD,OLIVIA",,,"SUB IN by SCHAD,OLIVIA",2,subbing in,,Centre,olivia schad,,223
188,4,spalding,Spalding,Centre,53-62,53,62,"9, 13, 11, 13, 7, 53","7, 10, 7, 22, 16, 62",9,13,11,13,7,53,7,10,7,22,16,62,1-3,3-0,11/24/15,Lose,112,No Location Recorded,7:00 PM,H,188,03:43,,,,,"SUB OUT by RICE,MADISON",,,"SUB OUT by RICE,MADISON",2,subbing out,,Centre,madison rice,,223
189,4,spalding,Spalding,Centre,53-62,53,62,"9, 13, 11, 13, 7, 53","7, 10, 7, 22, 16, 62",9,13,11,13,7,53,7,10,7,22,16,62,1-3,3-0,11/24/15,Lose,112,No Location Recorded,7:00 PM,H,189,03:43,,,,,"SUB OUT by KELLAM,PAIGE",,,"SUB OUT by KELLAM,PAIGE",2,subbing out,,Centre,paige kellam,,223
190,4,spalding,Spalding,Centre,53-62,53,62,"9, 13, 11, 13, 7, 53","7, 10, 7, 22, 16, 62",9,13,11,13,7,53,7,10,7,22,16,62,1-3,3-0,11/24/15,Lose,112,No Location Recorded,7:00 PM,H,190,03:24,"TURNOVER  by HUNTER,BRANDY",,,,,,,"TURNOVER  by HUNTER,BRANDY",2,turnover,,spalding,brandy hunter,,204
191,4,spalding,Spalding,Centre,53-62,53,62,"9, 13, 11, 13, 7, 53","7, 10, 7, 22, 16, 62",9,13,11,13,7,53,7,10,7,22,16,62,1-3,3-0,11/24/15,Lose,112,No Location Recorded,7:00 PM,H,191,03:06,,15,,20 (+5),"GOOD JUMPER by MOORE,KATIE(in the paint)",CENTRE-W 15-20 (+5),,"GOOD JUMPER by MOORE,KATIE(in the paint)",2,jumper,good,Centre,katie moore,2,186
192,4,spalding,Spalding,Centre,53-62,53,62,"9, 13, 11, 13, 7, 53","7, 10, 7, 22, 16, 62",9,13,11,13,7,53,7,10,7,22,16,62,1-3,3-0,11/24/15,Lose,112,No Location Recorded,7:00 PM,H,192,02:51,"MISS LAYUP by MYERS,MACKENZIE",,,,,,,"MISS LAYUP by MYERS,MACKENZIE",2,layup,missed,spalding,mackenzie myers,,171
193,4,spalding,Spalding,Centre,53-62,53,62,"9, 13, 11, 13, 7, 53","7, 10, 7, 22, 16, 62",9,13,11,13,7,53,7,10,7,22,16,62,1-3,3-0,11/24/15,Lose,112,No Location Recorded,7:00 PM,H,193,--,"REBOUND OFF by GEORGE,MARIA",,,,,,,"REBOUND OFF by GEORGE,MARIA",2,offensive rebound,,spalding,maria george,,
194,4,spalding,Spalding,Centre,53-62,53,62,"9, 13, 11, 13, 7, 53","7, 10, 7, 22, 16, 62",9,13,11,13,7,53,7,10,7,22,16,62,1-3,3-0,11/24/15,Lose,112,No Location Recorded,7:00 PM,H,194,02:48,"MISS LAYUP by GEORGE,MARIA",,,,,,,"MISS LAYUP by GEORGE,MARIA",2,layup,missed,spalding,maria george,,168
195,4,spalding,Spalding,Centre,53-62,53,62,"9, 13, 11, 13, 7, 53","7, 10, 7, 22, 16, 62",9,13,11,13,7,53,7,10,7,22,16,62,1-3,3-0,11/24/15,Lose,112,No Location Recorded,7:00 PM,H,195,--,,,,,"REBOUND DEF by RHULE,BONNIE",,,"REBOUND DEF by RHULE,BONNIE",2,defensive rebound,,Centre,bonnie rhule,,
196,4,spalding,Spalding,Centre,53-62,53,62,"9, 13, 11, 13, 7, 53","7, 10, 7, 22, 16, 62",9,13,11,13,7,53,7,10,7,22,16,62,1-3,3-0,11/24/15,Lose,112,No Location Recorded,7:00 PM,H,196,02:29,,,,,"MISS JUMPER by RHULE,BONNIE",,,"MISS JUMPER by RHULE,BONNIE",2,jumper,missed,Centre,bonnie rhule,,149
197,4,spalding,Spalding,Centre,53-62,53,62,"9, 13, 11, 13, 7, 53","7, 10, 7, 22, 16, 62",9,13,11,13,7,53,7,10,7,22,16,62,1-3,3-0,11/24/15,Lose,112,No Location Recorded,7:00 PM,H,197,--,,,,,"REBOUND OFF by RHULE,BONNIE",,,"REBOUND OFF by RHULE,BONNIE",2,offensive rebound,,Centre,bonnie rhule,,
198,4,spalding,Spalding,Centre,53-62,53,62,"9, 13, 11, 13, 7, 53","7, 10, 7, 22, 16, 62",9,13,11,13,7,53,7,10,7,22,16,62,1-3,3-0,11/24/15,Lose,112,No Location Recorded,7:00 PM,H,198,02:15,,,,,"MISS JUMPER by JUDY,MICHELE",,,"MISS JUMPER by JUDY,MICHELE",2,jumper,missed,Centre,michele judy,,135
199,4,spalding,Spalding,Centre,53-62,53,62,"9, 13, 11, 13, 7, 53","7, 10, 7, 22, 16, 62",9,13,11,13,7,53,7,10,7,22,16,62,1-3,3-0,11/24/15,Lose,112,No Location Recorded,7:00 PM,H,199,--,"REBOUND DEF by MYERS,MACKENZIE",,,,,,,"REBOUND DEF by MYERS,MACKENZIE",2,defensive rebound,,spalding,mackenzie myers,,
200,4,spalding,Spalding,Centre,53-62,53,62,"9, 13, 11, 13, 7, 53","7, 10, 7, 22, 16, 62",9,13,11,13,7,53,7,10,7,22,16,62,1-3,3-0,11/24/15,Lose,112,No Location Recorded,7:00 PM,H,200,01:48,"MISS JUMPER by HUNTER,BRANDY",,,,,,,"MISS JUMPER by HUNTER,BRANDY",2,jumper,missed,spalding,brandy hunter,,108
201,4,spalding,Spalding,Centre,53-62,53,62,"9, 13, 11, 13, 7, 53","7, 10, 7, 22, 16, 62",9,13,11,13,7,53,7,10,7,22,16,62,1-3,3-0,11/24/15,Lose,112,No Location Recorded,7:00 PM,H,201,--,,,,,"REBOUND DEF by VANCE,DAY",,,"REBOUND DEF by VANCE,DAY",2,defensive rebound,,Centre,day vance,,
202,4,spalding,Spalding,Centre,53-62,53,62,"9, 13, 11, 13, 7, 53","7, 10, 7, 22, 16, 62",9,13,11,13,7,53,7,10,7,22,16,62,1-3,3-0,11/24/15,Lose,112,No Location Recorded,7:00 PM,H,202,01:34,,15,,22 (+7),"GOOD LAYUP by MOORE,KATIE(in the paint)",CENTRE-W 15-22 (+7),,"GOOD LAYUP by MOORE,KATIE(in the paint)",2,layup,good,Centre,katie moore,2,94
203,4,spalding,Spalding,Centre,53-62,53,62,"9, 13, 11, 13, 7, 53","7, 10, 7, 22, 16, 62",9,13,11,13,7,53,7,10,7,22,16,62,1-3,3-0,11/24/15,Lose,112,No Location Recorded,7:00 PM,H,203,01:13,"TURNOVER  by GEORGE,MARIA",,,,,,,"TURNOVER  by GEORGE,MARIA",2,turnover,,spalding,maria george,,73
204,4,spalding,Spalding,Centre,53-62,53,62,"9, 13, 11, 13, 7, 53","7, 10, 7, 22, 16, 62",9,13,11,13,7,53,7,10,7,22,16,62,1-3,3-0,11/24/15,Lose,112,No Location Recorded,7:00 PM,H,204,01:12,,,,,"STEAL  by SCHAD,OLIVIA",,,"STEAL  by SCHAD,OLIVIA",2,steal,,Centre,,,72
205,4,spalding,Spalding,Centre,53-62,53,62,"9, 13, 11, 13, 7, 53","7, 10, 7, 22, 16, 62",9,13,11,13,7,53,7,10,7,22,16,62,1-3,3-0,11/24/15,Lose,112,No Location Recorded,7:00 PM,H,205,01:11,"SUB IN by HARDIN,MAYA",,,,,,,"SUB IN by HARDIN,MAYA",2,subbing in,,spalding,maya hardin,,71
206,4,spalding,Spalding,Centre,53-62,53,62,"9, 13, 11, 13, 7, 53","7, 10, 7, 22, 16, 62",9,13,11,13,7,53,7,10,7,22,16,62,1-3,3-0,11/24/15,Lose,112,No Location Recorded,7:00 PM,H,206,01:11,"SUB IN by MARTIN,ALEX",,,,,,,"SUB IN by MARTIN,ALEX",2,subbing in,,spalding,alex martin,,71
207,4,spalding,Spalding,Centre,53-62,53,62,"9, 13, 11, 13, 7, 53","7, 10, 7, 22, 16, 62",9,13,11,13,7,53,7,10,7,22,16,62,1-3,3-0,11/24/15,Lose,112,No Location Recorded,7:00 PM,H,207,01:11,"SUB IN by MINGUS,KIM",,,,,,,"SUB IN by MINGUS,KIM",2,subbing in,,spalding,kim mingus,,71
208,4,spalding,Spalding,Centre,53-62,53,62,"9, 13, 11, 13, 7, 53","7, 10, 7, 22, 16, 62",9,13,11,13,7,53,7,10,7,22,16,62,1-3,3-0,11/24/15,Lose,112,No Location Recorded,7:00 PM,H,208,01:11,"SUB OUT by MYERS,MACKENZIE",,,,,,,"SUB OUT by MYERS,MACKENZIE",2,subbing out,,spalding,mackenzie myers,,71
209,4,spalding,Spalding,Centre,53-62,53,62,"9, 13, 11, 13, 7, 53","7, 10, 7, 22, 16, 62",9,13,11,13,7,53,7,10,7,22,16,62,1-3,3-0,11/24/15,Lose,112,No Location Recorded,7:00 PM,H,209,01:11,"SUB OUT by GEORGE,MARIA",,,,,,,"SUB OUT by GEORGE,MARIA",2,subbing out,,spalding,maria george,,71
210,4,spalding,Spalding,Centre,53-62,53,62,"9, 13, 11, 13, 7, 53","7, 10, 7, 22, 16, 62",9,13,11,13,7,53,7,10,7,22,16,62,1-3,3-0,11/24/15,Lose,112,No Location Recorded,7:00 PM,H,210,01:11,"SUB OUT by HUNTER,BRANDY",,,,,,,"SUB OUT by HUNTER,BRANDY",2,subbing out,,spalding,brandy hunter,,71
211,4,spalding,Spalding,Centre,53-62,53,62,"9, 13, 11, 13, 7, 53","7, 10, 7, 22, 16, 62",9,13,11,13,7,53,7,10,7,22,16,62,1-3,3-0,11/24/15,Lose,112,No Location Recorded,7:00 PM,H,211,00:46,,,,,"TURNOVER  by SCHAD,OLIVIA",,,"TURNOVER  by SCHAD,OLIVIA",2,turnover,,Centre,olivia schad,,46
212,4,spalding,Spalding,Centre,53-62,53,62,"9, 13, 11, 13, 7, 53","7, 10, 7, 22, 16, 62",9,13,11,13,7,53,7,10,7,22,16,62,1-3,3-0,11/24/15,Lose,112,No Location Recorded,7:00 PM,H,212,00:44,"STEAL  by SKAGGS,JULIE",,,,,,,"STEAL  by SKAGGS,JULIE",2,steal,,spalding,,,44
213,4,spalding,Spalding,Centre,53-62,53,62,"9, 13, 11, 13, 7, 53","7, 10, 7, 22, 16, 62",9,13,11,13,7,53,7,10,7,22,16,62,1-3,3-0,11/24/15,Lose,112,No Location Recorded,7:00 PM,H,213,00:38,"GOOD JUMPER by SKAGGS,JULIE(fastbreak)",17,,22 (+5),,SPALDING 17-22 (+5),,"GOOD JUMPER by SKAGGS,JULIE(fastbreak)",2,jumper,good,spalding,julie(fastbreak) skaggs,2,38
214,4,spalding,Spalding,Centre,53-62,53,62,"9, 13, 11, 13, 7, 53","7, 10, 7, 22, 16, 62",9,13,11,13,7,53,7,10,7,22,16,62,1-3,3-0,11/24/15,Lose,112,No Location Recorded,7:00 PM,H,214,00:28,,,,,"TURNOVER  by SCHAD,OLIVIA",,,"TURNOVER  by SCHAD,OLIVIA",2,turnover,,Centre,olivia schad,,28
215,4,spalding,Spalding,Centre,53-62,53,62,"9, 13, 11, 13, 7, 53","7, 10, 7, 22, 16, 62",9,13,11,13,7,53,7,10,7,22,16,62,1-3,3-0,11/24/15,Lose,112,No Location Recorded,7:00 PM,H,215,00:27,"STEAL  by MINGUS,KIM",,,,,,,"STEAL  by MINGUS,KIM",2,steal,,spalding,,,27
216,4,spalding,Spalding,Centre,53-62,53,62,"9, 13, 11, 13, 7, 53","7, 10, 7, 22, 16, 62",9,13,11,13,7,53,7,10,7,22,16,62,1-3,3-0,11/24/15,Lose,112,No Location Recorded,7:00 PM,H,216,00:25,"MISS LAYUP by MINGUS,KIM",,,,,,,"MISS LAYUP by MINGUS,KIM",2,layup,missed,spalding,kim mingus,,25
217,4,spalding,Spalding,Centre,53-62,53,62,"9, 13, 11, 13, 7, 53","7, 10, 7, 22, 16, 62",9,13,11,13,7,53,7,10,7,22,16,62,1-3,3-0,11/24/15,Lose,112,No Location Recorded,7:00 PM,H,217,--,,,,,"REBOUND DEF by RHULE,BONNIE",,,"REBOUND DEF by RHULE,BONNIE",2,defensive rebound,,Centre,bonnie rhule,,
218,4,spalding,Spalding,Centre,53-62,53,62,"9, 13, 11, 13, 7, 53","7, 10, 7, 22, 16, 62",9,13,11,13,7,53,7,10,7,22,16,62,1-3,3-0,11/24/15,Lose,112,No Location Recorded,7:00 PM,H,218,00:01,,,,,"TURNOVER  by JUDY,MICHELE",,,"TURNOVER  by JUDY,MICHELE",2,turnover,,Centre,michele judy,,1
219,4,spalding,Spalding,Centre,53-62,53,62,"9, 13, 11, 13, 7, 53","7, 10, 7, 22, 16, 62",9,13,11,13,7,53,7,10,7,22,16,62,1-3,3-0,11/24/15,Lose,112,No Location Recorded,7:00 PM,H,219,00:00,"STEAL  by SLITER,DEE DEE",,,,,,,"STEAL  by SLITER,DEE DEE",2,steal,,spalding,,,0
220,4,spalding,Spalding,Centre,53-62,53,62,"9, 13, 11, 13, 7, 53","7, 10, 7, 22, 16, 62",9,13,11,13,7,53,7,10,7,22,16,62,1-3,3-0,11/24/15,Lose,112,No Location Recorded,7:00 PM,H,220,Start Period 3,,,,,,,,,3,,,,,,
221,4,spalding,Spalding,Centre,53-62,53,62,"9, 13, 11, 13, 7, 53","7, 10, 7, 22, 16, 62",9,13,11,13,7,53,7,10,7,22,16,62,1-3,3-0,11/24/15,Lose,112,No Location Recorded,7:00 PM,H,221,09:36,,,,,"MISS 3PTR by MOORE,KATIE",,,"MISS 3PTR by MOORE,KATIE",3,three pointer,missed,Centre,katie moore,,576
222,4,spalding,Spalding,Centre,53-62,53,62,"9, 13, 11, 13, 7, 53","7, 10, 7, 22, 16, 62",9,13,11,13,7,53,7,10,7,22,16,62,1-3,3-0,11/24/15,Lose,112,No Location Recorded,7:00 PM,H,222,--,,,,,"REBOUND OFF by JUDY,MICHELE",,,"REBOUND OFF by JUDY,MICHELE",3,offensive rebound,,Centre,michele judy,,
223,4,spalding,Spalding,Centre,53-62,53,62,"9, 13, 11, 13, 7, 53","7, 10, 7, 22, 16, 62",9,13,11,13,7,53,7,10,7,22,16,62,1-3,3-0,11/24/15,Lose,112,No Location Recorded,7:00 PM,H,223,09:31,,,,,"TURNOVER  by JUDY,MICHELE",,,"TURNOVER  by JUDY,MICHELE",3,turnover,,Centre,michele judy,,571
224,4,spalding,Spalding,Centre,53-62,53,62,"9, 13, 11, 13, 7, 53","7, 10, 7, 22, 16, 62",9,13,11,13,7,53,7,10,7,22,16,62,1-3,3-0,11/24/15,Lose,112,No Location Recorded,7:00 PM,H,224,09:17,"MISS 3PTR by MYERS,MACKENZIE",,,,,,,"MISS 3PTR by MYERS,MACKENZIE",3,three pointer,missed,spalding,mackenzie myers,,557
225,4,spalding,Spalding,Centre,53-62,53,62,"9, 13, 11, 13, 7, 53","7, 10, 7, 22, 16, 62",9,13,11,13,7,53,7,10,7,22,16,62,1-3,3-0,11/24/15,Lose,112,No Location Recorded,7:00 PM,H,225,--,,,,,"REBOUND DEF by JUDY,MICHELE",,,"REBOUND DEF by JUDY,MICHELE",3,defensive rebound,,Centre,michele judy,,
226,4,spalding,Spalding,Centre,53-62,53,62,"9, 13, 11, 13, 7, 53","7, 10, 7, 22, 16, 62",9,13,11,13,7,53,7,10,7,22,16,62,1-3,3-0,11/24/15,Lose,112,No Location Recorded,7:00 PM,H,226,08:53,,,,,"MISS JUMPER by JUDY,MICHELE",,,"MISS JUMPER by JUDY,MICHELE",3,jumper,missed,Centre,michele judy,,533
227,4,spalding,Spalding,Centre,53-62,53,62,"9, 13, 11, 13, 7, 53","7, 10, 7, 22, 16, 62",9,13,11,13,7,53,7,10,7,22,16,62,1-3,3-0,11/24/15,Lose,112,No Location Recorded,7:00 PM,H,227,--,"REBOUND DEF by MYERS,MACKENZIE",,,,,,,"REBOUND DEF by MYERS,MACKENZIE",3,defensive rebound,,spalding,mackenzie myers,,
228,4,spalding,Spalding,Centre,53-62,53,62,"9, 13, 11, 13, 7, 53","7, 10, 7, 22, 16, 62",9,13,11,13,7,53,7,10,7,22,16,62,1-3,3-0,11/24/15,Lose,112,No Location Recorded,7:00 PM,H,228,08:42,"MISS JUMPER by SKAGGS,JULIE",,,,,,,"MISS JUMPER by SKAGGS,JULIE",3,jumper,missed,spalding,julie skaggs,,522
229,4,spalding,Spalding,Centre,53-62,53,62,"9, 13, 11, 13, 7, 53","7, 10, 7, 22, 16, 62",9,13,11,13,7,53,7,10,7,22,16,62,1-3,3-0,11/24/15,Lose,112,No Location Recorded,7:00 PM,H,229,08:42,,,,,"BLOCK  by JUDY,MICHELE",,,"BLOCK  by JUDY,MICHELE",3,block,,Centre,michele judy,,522
230,4,spalding,Spalding,Centre,53-62,53,62,"9, 13, 11, 13, 7, 53","7, 10, 7, 22, 16, 62",9,13,11,13,7,53,7,10,7,22,16,62,1-3,3-0,11/24/15,Lose,112,No Location Recorded,7:00 PM,H,230,--,"REBOUND OFF by MYERS,MACKENZIE",,,,,,,"REBOUND OFF by MYERS,MACKENZIE",3,offensive rebound,,spalding,mackenzie myers,,
231,4,spalding,Spalding,Centre,53-62,53,62,"9, 13, 11, 13, 7, 53","7, 10, 7, 22, 16, 62",9,13,11,13,7,53,7,10,7,22,16,62,1-3,3-0,11/24/15,Lose,112,No Location Recorded,7:00 PM,H,231,08:39,"TURNOVER  by MYERS,MACKENZIE",,,,,,,"TURNOVER  by MYERS,MACKENZIE",3,turnover,,spalding,mackenzie myers,,519
232,4,spalding,Spalding,Centre,53-62,53,62,"9, 13, 11, 13, 7, 53","7, 10, 7, 22, 16, 62",9,13,11,13,7,53,7,10,7,22,16,62,1-3,3-0,11/24/15,Lose,112,No Location Recorded,7:00 PM,H,232,08:39,"FOUL  by MYERS,MACKENZIE",,,,,,,"FOUL  by MYERS,MACKENZIE",3,foul,,spalding,mackenzie myers,,519
233,4,spalding,Spalding,Centre,53-62,53,62,"9, 13, 11, 13, 7, 53","7, 10, 7, 22, 16, 62",9,13,11,13,7,53,7,10,7,22,16,62,1-3,3-0,11/24/15,Lose,112,No Location Recorded,7:00 PM,H,233,08:08,,,,,"TURNOVER  by GUY,ALEXIS",,,"TURNOVER  by GUY,ALEXIS",3,turnover,,Centre,alexis guy,,488
234,4,spalding,Spalding,Centre,53-62,53,62,"9, 13, 11, 13, 7, 53","7, 10, 7, 22, 16, 62",9,13,11,13,7,53,7,10,7,22,16,62,1-3,3-0,11/24/15,Lose,112,No Location Recorded,7:00 PM,H,234,08:00,"MISS 3PTR by MYERS,MACKENZIE",,,,,,,"MISS 3PTR by MYERS,MACKENZIE",3,three pointer,missed,spalding,mackenzie myers,,480
235,4,spalding,Spalding,Centre,53-62,53,62,"9, 13, 11, 13, 7, 53","7, 10, 7, 22, 16, 62",9,13,11,13,7,53,7,10,7,22,16,62,1-3,3-0,11/24/15,Lose,112,No Location Recorded,7:00 PM,H,235,--,,,,,"REBOUND DEF by MOORE,KATIE",,,"REBOUND DEF by MOORE,KATIE",3,defensive rebound,,Centre,katie moore,,
236,4,spalding,Spalding,Centre,53-62,53,62,"9, 13, 11, 13, 7, 53","7, 10, 7, 22, 16, 62",9,13,11,13,7,53,7,10,7,22,16,62,1-3,3-0,11/24/15,Lose,112,No Location Recorded,7:00 PM,H,236,07:42,,,,,"TURNOVER  by GUY,ALEXIS",,,"TURNOVER  by GUY,ALEXIS",3,turnover,,Centre,alexis guy,,462
237,4,spalding,Spalding,Centre,53-62,53,62,"9, 13, 11, 13, 7, 53","7, 10, 7, 22, 16, 62",9,13,11,13,7,53,7,10,7,22,16,62,1-3,3-0,11/24/15,Lose,112,No Location Recorded,7:00 PM,H,237,07:42,,,,,"SUB IN by VANCE,DAY",,,"SUB IN by VANCE,DAY",3,subbing in,,Centre,day vance,,462
238,4,spalding,Spalding,Centre,53-62,53,62,"9, 13, 11, 13, 7, 53","7, 10, 7, 22, 16, 62",9,13,11,13,7,53,7,10,7,22,16,62,1-3,3-0,11/24/15,Lose,112,No Location Recorded,7:00 PM,H,238,07:42,,,,,"SUB IN by RICE,MADISON",,,"SUB IN by RICE,MADISON",3,subbing in,,Centre,madison rice,,462
239,4,spalding,Spalding,Centre,53-62,53,62,"9, 13, 11, 13, 7, 53","7, 10, 7, 22, 16, 62",9,13,11,13,7,53,7,10,7,22,16,62,1-3,3-0,11/24/15,Lose,112,No Location Recorded,7:00 PM,H,239,07:42,,,,,"SUB IN by ANDREASSEN,CAROLINE",,,"SUB IN by ANDREASSEN,CAROLINE",3,subbing in,,Centre,caroline andreassen,,462
240,4,spalding,Spalding,Centre,53-62,53,62,"9, 13, 11, 13, 7, 53","7, 10, 7, 22, 16, 62",9,13,11,13,7,53,7,10,7,22,16,62,1-3,3-0,11/24/15,Lose,112,No Location Recorded,7:00 PM,H,240,07:42,,,,,"SUB IN by KELLAM,PAIGE",,,"SUB IN by KELLAM,PAIGE",3,subbing in,,Centre,paige kellam,,462
241,4,spalding,Spalding,Centre,53-62,53,62,"9, 13, 11, 13, 7, 53","7, 10, 7, 22, 16, 62",9,13,11,13,7,53,7,10,7,22,16,62,1-3,3-0,11/24/15,Lose,112,No Location Recorded,7:00 PM,H,241,07:42,,,,,"SUB OUT by JUDY,MICHELE",,,"SUB OUT by JUDY,MICHELE",3,subbing out,,Centre,michele judy,,462
242,4,spalding,Spalding,Centre,53-62,53,62,"9, 13, 11, 13, 7, 53","7, 10, 7, 22, 16, 62",9,13,11,13,7,53,7,10,7,22,16,62,1-3,3-0,11/24/15,Lose,112,No Location Recorded,7:00 PM,H,242,07:42,,,,,"SUB OUT by MCKNIGHT,KAITLYN",,,"SUB OUT by MCKNIGHT,KAITLYN",3,subbing out,,Centre,kaitlyn mcknight,,462
243,4,spalding,Spalding,Centre,53-62,53,62,"9, 13, 11, 13, 7, 53","7, 10, 7, 22, 16, 62",9,13,11,13,7,53,7,10,7,22,16,62,1-3,3-0,11/24/15,Lose,112,No Location Recorded,7:00 PM,H,243,07:42,,,,,"SUB OUT by RHULE,BONNIE",,,"SUB OUT by RHULE,BONNIE",3,subbing out,,Centre,bonnie rhule,,462
244,4,spalding,Spalding,Centre,53-62,53,62,"9, 13, 11, 13, 7, 53","7, 10, 7, 22, 16, 62",9,13,11,13,7,53,7,10,7,22,16,62,1-3,3-0,11/24/15,Lose,112,No Location Recorded,7:00 PM,H,244,07:42,,,,,"SUB OUT by MOORE,KATIE",,,"SUB OUT by MOORE,KATIE",3,subbing out,,Centre,katie moore,,462
245,4,spalding,Spalding,Centre,53-62,53,62,"9, 13, 11, 13, 7, 53","7, 10, 7, 22, 16, 62",9,13,11,13,7,53,7,10,7,22,16,62,1-3,3-0,11/24/15,Lose,112,No Location Recorded,7:00 PM,H,245,07:30,"TURNOVER  by SKAGGS,JULIE",,,,,,,"TURNOVER  by SKAGGS,JULIE",3,turnover,,spalding,julie skaggs,,450
246,4,spalding,Spalding,Centre,53-62,53,62,"9, 13, 11, 13, 7, 53","7, 10, 7, 22, 16, 62",9,13,11,13,7,53,7,10,7,22,16,62,1-3,3-0,11/24/15,Lose,112,No Location Recorded,7:00 PM,H,246,07:15,,,,,"TURNOVER  by VANCE,DAY",,,"TURNOVER  by VANCE,DAY",3,turnover,,Centre,day vance,,435
247,4,spalding,Spalding,Centre,53-62,53,62,"9, 13, 11, 13, 7, 53","7, 10, 7, 22, 16, 62",9,13,11,13,7,53,7,10,7,22,16,62,1-3,3-0,11/24/15,Lose,112,No Location Recorded,7:00 PM,H,247,07:15,,,,,"FOUL  by VANCE,DAY",,,"FOUL  by VANCE,DAY",3,foul,,Centre,day vance,,435
248,4,spalding,Spalding,Centre,53-62,53,62,"9, 13, 11, 13, 7, 53","7, 10, 7, 22, 16, 62",9,13,11,13,7,53,7,10,7,22,16,62,1-3,3-0,11/24/15,Lose,112,No Location Recorded,7:00 PM,H,248,07:15,"SUB IN by MARTIN,MADDIE",,,,,,,"SUB IN by MARTIN,MADDIE",3,subbing in,,spalding,maddie martin,,435
249,4,spalding,Spalding,Centre,53-62,53,62,"9, 13, 11, 13, 7, 53","7, 10, 7, 22, 16, 62",9,13,11,13,7,53,7,10,7,22,16,62,1-3,3-0,11/24/15,Lose,112,No Location Recorded,7:00 PM,H,249,07:15,"SUB OUT by SKAGGS,JULIE",,,,,,,"SUB OUT by SKAGGS,JULIE",3,subbing out,,spalding,julie skaggs,,435
250,4,spalding,Spalding,Centre,53-62,53,62,"9, 13, 11, 13, 7, 53","7, 10, 7, 22, 16, 62",9,13,11,13,7,53,7,10,7,22,16,62,1-3,3-0,11/24/15,Lose,112,No Location Recorded,7:00 PM,H,250,07:02,"MISS LAYUP by MYERS,MACKENZIE",,,,,,,"MISS LAYUP by MYERS,MACKENZIE",3,layup,missed,spalding,mackenzie myers,,422
251,4,spalding,Spalding,Centre,53-62,53,62,"9, 13, 11, 13, 7, 53","7, 10, 7, 22, 16, 62",9,13,11,13,7,53,7,10,7,22,16,62,1-3,3-0,11/24/15,Lose,112,No Location Recorded,7:00 PM,H,251,--,"REBOUND OFF by MYERS,MACKENZIE",,,,,,,"REBOUND OFF by MYERS,MACKENZIE",3,offensive rebound,,spalding,mackenzie myers,,
252,4,spalding,Spalding,Centre,53-62,53,62,"9, 13, 11, 13, 7, 53","7, 10, 7, 22, 16, 62",9,13,11,13,7,53,7,10,7,22,16,62,1-3,3-0,11/24/15,Lose,112,No Location Recorded,7:00 PM,H,252,06:22,"TURNOVER  by MARTIN,MADDIE",,,,,,,"TURNOVER  by MARTIN,MADDIE",3,turnover,,spalding,maddie martin,,382
253,4,spalding,Spalding,Centre,53-62,53,62,"9, 13, 11, 13, 7, 53","7, 10, 7, 22, 16, 62",9,13,11,13,7,53,7,10,7,22,16,62,1-3,3-0,11/24/15,Lose,112,No Location Recorded,7:00 PM,H,253,06:20,,,,,"STEAL  by ANDREASSEN,CAROLINE",,,"STEAL  by ANDREASSEN,CAROLINE",3,steal,,Centre,,,380
254,4,spalding,Spalding,Centre,53-62,53,62,"9, 13, 11, 13, 7, 53","7, 10, 7, 22, 16, 62",9,13,11,13,7,53,7,10,7,22,16,62,1-3,3-0,11/24/15,Lose,112,No Location Recorded,7:00 PM,H,254,06:17,,17,,25 (+8),"GOOD 3PTR by KELLAM,PAIGE(fastbreak)",CENTRE-W 17-25 (+8),,"GOOD 3PTR by KELLAM,PAIGE(fastbreak)",3,three pointer,good,Centre,paige(fastbreak) kellam,3,377
255,4,spalding,Spalding,Centre,53-62,53,62,"9, 13, 11, 13, 7, 53","7, 10, 7, 22, 16, 62",9,13,11,13,7,53,7,10,7,22,16,62,1-3,3-0,11/24/15,Lose,112,No Location Recorded,7:00 PM,H,255,--,,,,,"ASSIST  by ANDREASSEN,CAROLINE",,,"ASSIST  by ANDREASSEN,CAROLINE",3,assist,,Centre,caroline andreassen,,
256,4,spalding,Spalding,Centre,53-62,53,62,"9, 13, 11, 13, 7, 53","7, 10, 7, 22, 16, 62",9,13,11,13,7,53,7,10,7,22,16,62,1-3,3-0,11/24/15,Lose,112,No Location Recorded,7:00 PM,H,256,05:47,"GOOD LAYUP by MARTIN,ALEX(in the paint)",19,,25 (+6),,SPALDING 19-25 (+6),,"GOOD LAYUP by MARTIN,ALEX(in the paint)",3,layup,good,spalding,alex martin,2,347
257,4,spalding,Spalding,Centre,53-62,53,62,"9, 13, 11, 13, 7, 53","7, 10, 7, 22, 16, 62",9,13,11,13,7,53,7,10,7,22,16,62,1-3,3-0,11/24/15,Lose,112,No Location Recorded,7:00 PM,H,257,05:27,,,,,"MISS JUMPER by ANDREASSEN,CAROLINE",,,"MISS JUMPER by ANDREASSEN,CAROLINE",3,jumper,missed,Centre,caroline andreassen,,327
258,4,spalding,Spalding,Centre,53-62,53,62,"9, 13, 11, 13, 7, 53","7, 10, 7, 22, 16, 62",9,13,11,13,7,53,7,10,7,22,16,62,1-3,3-0,11/24/15,Lose,112,No Location Recorded,7:00 PM,H,258,--,"REBOUND DEF by MARTIN,MADDIE",,,,,,,"REBOUND DEF by MARTIN,MADDIE",3,defensive rebound,,spalding,maddie martin,,
259,4,spalding,Spalding,Centre,53-62,53,62,"9, 13, 11, 13, 7, 53","7, 10, 7, 22, 16, 62",9,13,11,13,7,53,7,10,7,22,16,62,1-3,3-0,11/24/15,Lose,112,No Location Recorded,7:00 PM,H,259,05:08,"TURNOVER  by MARTIN,ALEX",,,,,,,"TURNOVER  by MARTIN,ALEX",3,turnover,,spalding,alex martin,,308
260,4,spalding,Spalding,Centre,53-62,53,62,"9, 13, 11, 13, 7, 53","7, 10, 7, 22, 16, 62",9,13,11,13,7,53,7,10,7,22,16,62,1-3,3-0,11/24/15,Lose,112,No Location Recorded,7:00 PM,H,260,05:06,,,,,"STEAL  by GUY,ALEXIS",,,"STEAL  by GUY,ALEXIS",3,steal,,Centre,,,306
261,4,spalding,Spalding,Centre,53-62,53,62,"9, 13, 11, 13, 7, 53","7, 10, 7, 22, 16, 62",9,13,11,13,7,53,7,10,7,22,16,62,1-3,3-0,11/24/15,Lose,112,No Location Recorded,7:00 PM,H,261,05:02,,,,,"TURNOVER  by ANDREASSEN,CAROLINE",,,"TURNOVER  by ANDREASSEN,CAROLINE",3,turnover,,Centre,caroline andreassen,,302
262,4,spalding,Spalding,Centre,53-62,53,62,"9, 13, 11, 13, 7, 53","7, 10, 7, 22, 16, 62",9,13,11,13,7,53,7,10,7,22,16,62,1-3,3-0,11/24/15,Lose,112,No Location Recorded,7:00 PM,H,262,05:02,"SUB IN by HUNTER,BRANDY",,,,,,,"SUB IN by HUNTER,BRANDY",3,subbing in,,spalding,brandy hunter,,302
263,4,spalding,Spalding,Centre,53-62,53,62,"9, 13, 11, 13, 7, 53","7, 10, 7, 22, 16, 62",9,13,11,13,7,53,7,10,7,22,16,62,1-3,3-0,11/24/15,Lose,112,No Location Recorded,7:00 PM,H,263,05:02,"SUB OUT by MARTIN,ALEX",,,,,,,"SUB OUT by MARTIN,ALEX",3,subbing out,,spalding,alex martin,,302
264,4,spalding,Spalding,Centre,53-62,53,62,"9, 13, 11, 13, 7, 53","7, 10, 7, 22, 16, 62",9,13,11,13,7,53,7,10,7,22,16,62,1-3,3-0,11/24/15,Lose,112,No Location Recorded,7:00 PM,H,264,05:02,,,,,"SUB IN by MOORE,KATIE",,,"SUB IN by MOORE,KATIE",3,subbing in,,Centre,katie moore,,302
265,4,spalding,Spalding,Centre,53-62,53,62,"9, 13, 11, 13, 7, 53","7, 10, 7, 22, 16, 62",9,13,11,13,7,53,7,10,7,22,16,62,1-3,3-0,11/24/15,Lose,112,No Location Recorded,7:00 PM,H,265,05:02,,,,,"SUB OUT by ANDREASSEN,CAROLINE",,,"SUB OUT by ANDREASSEN,CAROLINE",3,subbing out,,Centre,caroline andreassen,,302
266,4,spalding,Spalding,Centre,53-62,53,62,"9, 13, 11, 13, 7, 53","7, 10, 7, 22, 16, 62",9,13,11,13,7,53,7,10,7,22,16,62,1-3,3-0,11/24/15,Lose,112,No Location Recorded,7:00 PM,H,266,04:43,"GOOD JUMPER by MYERS,MACKENZIE",21,,25 (+4),,SPALDING 21-25 (+4),,"GOOD JUMPER by MYERS,MACKENZIE",3,jumper,good,spalding,mackenzie myers,2,283
267,4,spalding,Spalding,Centre,53-62,53,62,"9, 13, 11, 13, 7, 53","7, 10, 7, 22, 16, 62",9,13,11,13,7,53,7,10,7,22,16,62,1-3,3-0,11/24/15,Lose,112,No Location Recorded,7:00 PM,H,267,--,"ASSIST  by HUNTER,BRANDY",,,,,,,"ASSIST  by HUNTER,BRANDY",3,assist,,spalding,brandy hunter,,
268,4,spalding,Spalding,Centre,53-62,53,62,"9, 13, 11, 13, 7, 53","7, 10, 7, 22, 16, 62",9,13,11,13,7,53,7,10,7,22,16,62,1-3,3-0,11/24/15,Lose,112,No Location Recorded,7:00 PM,H,268,04:36,,,,,TIMEOUT 20SEC by TEAM,,,TIMEOUT 20SEC by TEAM,3,timeout,,Centre,,,276
269,4,spalding,Spalding,Centre,53-62,53,62,"9, 13, 11, 13, 7, 53","7, 10, 7, 22, 16, 62",9,13,11,13,7,53,7,10,7,22,16,62,1-3,3-0,11/24/15,Lose,112,No Location Recorded,7:00 PM,H,269,04:22,,,,,"MISS LAYUP by KELLAM,PAIGE",,,"MISS LAYUP by KELLAM,PAIGE",3,layup,missed,Centre,paige kellam,,262
270,4,spalding,Spalding,Centre,53-62,53,62,"9, 13, 11, 13, 7, 53","7, 10, 7, 22, 16, 62",9,13,11,13,7,53,7,10,7,22,16,62,1-3,3-0,11/24/15,Lose,112,No Location Recorded,7:00 PM,H,270,--,,,,,"REBOUND OFF by MCKNIGHT,KAITLYN",,,"REBOUND OFF by MCKNIGHT,KAITLYN",3,offensive rebound,,Centre,kaitlyn mcknight,,
271,4,spalding,Spalding,Centre,53-62,53,62,"9, 13, 11, 13, 7, 53","7, 10, 7, 22, 16, 62",9,13,11,13,7,53,7,10,7,22,16,62,1-3,3-0,11/24/15,Lose,112,No Location Recorded,7:00 PM,H,271,04:19,,21,,27 (+6),"GOOD LAYUP by MCKNIGHT,KAITLYN(in the paint)",CENTRE-W 21-27 (+6),,"GOOD LAYUP by MCKNIGHT,KAITLYN(in the paint)",3,layup,good,Centre,kaitlyn mcknight,2,259
272,4,spalding,Spalding,Centre,53-62,53,62,"9, 13, 11, 13, 7, 53","7, 10, 7, 22, 16, 62",9,13,11,13,7,53,7,10,7,22,16,62,1-3,3-0,11/24/15,Lose,112,No Location Recorded,7:00 PM,H,272,04:19,"FOUL  by MYERS,MACKENZIE",,,,,,,"FOUL  by MYERS,MACKENZIE",3,foul,,spalding,mackenzie myers,,259
273,4,spalding,Spalding,Centre,53-62,53,62,"9, 13, 11, 13, 7, 53","7, 10, 7, 22, 16, 62",9,13,11,13,7,53,7,10,7,22,16,62,1-3,3-0,11/24/15,Lose,112,No Location Recorded,7:00 PM,H,273,04:19,,21,,28 (+7),"GOOD FT by MCKNIGHT,KAITLYN",CENTRE-W 21-28 (+7),,"GOOD FT by MCKNIGHT,KAITLYN",3,free throw,good,Centre,kaitlyn mcknight,1,259
274,4,spalding,Spalding,Centre,53-62,53,62,"9, 13, 11, 13, 7, 53","7, 10, 7, 22, 16, 62",9,13,11,13,7,53,7,10,7,22,16,62,1-3,3-0,11/24/15,Lose,112,No Location Recorded,7:00 PM,H,274,04:19,"SUB IN by MARTIN,ALEX",,,,,,,"SUB IN by MARTIN,ALEX",3,subbing in,,spalding,alex martin,,259
275,4,spalding,Spalding,Centre,53-62,53,62,"9, 13, 11, 13, 7, 53","7, 10, 7, 22, 16, 62",9,13,11,13,7,53,7,10,7,22,16,62,1-3,3-0,11/24/15,Lose,112,No Location Recorded,7:00 PM,H,275,04:19,"SUB OUT by MYERS,MACKENZIE",,,,,,,"SUB OUT by MYERS,MACKENZIE",3,subbing out,,spalding,mackenzie myers,,259
276,4,spalding,Spalding,Centre,53-62,53,62,"9, 13, 11, 13, 7, 53","7, 10, 7, 22, 16, 62",9,13,11,13,7,53,7,10,7,22,16,62,1-3,3-0,11/24/15,Lose,112,No Location Recorded,7:00 PM,H,276,03:56,"MISS JUMPER by HARDIN,MAYA",,,,,,,"MISS JUMPER by HARDIN,MAYA",3,jumper,missed,spalding,maya hardin,,236
277,4,spalding,Spalding,Centre,53-62,53,62,"9, 13, 11, 13, 7, 53","7, 10, 7, 22, 16, 62",9,13,11,13,7,53,7,10,7,22,16,62,1-3,3-0,11/24/15,Lose,112,No Location Recorded,7:00 PM,H,277,--,,,,,"REBOUND DEF by MCKNIGHT,KAITLYN",,,"REBOUND DEF by MCKNIGHT,KAITLYN",3,defensive rebound,,Centre,kaitlyn mcknight,,
278,4,spalding,Spalding,Centre,53-62,53,62,"9, 13, 11, 13, 7, 53","7, 10, 7, 22, 16, 62",9,13,11,13,7,53,7,10,7,22,16,62,1-3,3-0,11/24/15,Lose,112,No Location Recorded,7:00 PM,H,278,03:43,,,,,"TURNOVER  by KELLAM,PAIGE",,,"TURNOVER  by KELLAM,PAIGE",3,turnover,,Centre,paige kellam,,223
279,4,spalding,Spalding,Centre,53-62,53,62,"9, 13, 11, 13, 7, 53","7, 10, 7, 22, 16, 62",9,13,11,13,7,53,7,10,7,22,16,62,1-3,3-0,11/24/15,Lose,112,No Location Recorded,7:00 PM,H,279,03:43,"SUB IN by KAISER,KELSEY",,,,,,,"SUB IN by KAISER,KELSEY",3,subbing in,,spalding,kelsey kaiser,,223
280,4,spalding,Spalding,Centre,53-62,53,62,"9, 13, 11, 13, 7, 53","7, 10, 7, 22, 16, 62",9,13,11,13,7,53,7,10,7,22,16,62,1-3,3-0,11/24/15,Lose,112,No Location Recorded,7:00 PM,H,280,03:43,"SUB OUT by HARDIN,MAYA",,,,,,,"SUB OUT by HARDIN,MAYA",3,subbing out,,spalding,maya hardin,,223
281,4,spalding,Spalding,Centre,53-62,53,62,"9, 13, 11, 13, 7, 53","7, 10, 7, 22, 16, 62",9,13,11,13,7,53,7,10,7,22,16,62,1-3,3-0,11/24/15,Lose,112,No Location Recorded,7:00 PM,H,281,03:14,"MISS JUMPER by MARTIN,MADDIE",,,,,,,"MISS JUMPER by MARTIN,MADDIE",3,jumper,missed,spalding,maddie martin,,194
282,4,spalding,Spalding,Centre,53-62,53,62,"9, 13, 11, 13, 7, 53","7, 10, 7, 22, 16, 62",9,13,11,13,7,53,7,10,7,22,16,62,1-3,3-0,11/24/15,Lose,112,No Location Recorded,7:00 PM,H,282,--,REBOUND OFF by TEAM,,,,,,,REBOUND OFF by TEAM,3,offensive rebound,,Centre,,,
283,4,spalding,Spalding,Centre,53-62,53,62,"9, 13, 11, 13, 7, 53","7, 10, 7, 22, 16, 62",9,13,11,13,7,53,7,10,7,22,16,62,1-3,3-0,11/24/15,Lose,112,No Location Recorded,7:00 PM,H,283,03:11,"MISS JUMPER by KAISER,KELSEY",,,,,,,"MISS JUMPER by KAISER,KELSEY",3,jumper,missed,spalding,kelsey kaiser,,191
284,4,spalding,Spalding,Centre,53-62,53,62,"9, 13, 11, 13, 7, 53","7, 10, 7, 22, 16, 62",9,13,11,13,7,53,7,10,7,22,16,62,1-3,3-0,11/24/15,Lose,112,No Location Recorded,7:00 PM,H,284,--,,,,,"REBOUND DEF by JUDY,MICHELE",,,"REBOUND DEF by JUDY,MICHELE",3,defensive rebound,,Centre,michele judy,,
285,4,spalding,Spalding,Centre,53-62,53,62,"9, 13, 11, 13, 7, 53","7, 10, 7, 22, 16, 62",9,13,11,13,7,53,7,10,7,22,16,62,1-3,3-0,11/24/15,Lose,112,No Location Recorded,7:00 PM,H,285,02:59,,,,,"MISS 3PTR by MCKNIGHT,KAITLYN",,,"MISS 3PTR by MCKNIGHT,KAITLYN",3,three pointer,missed,Centre,kaitlyn mcknight,,179
286,4,spalding,Spalding,Centre,53-62,53,62,"9, 13, 11, 13, 7, 53","7, 10, 7, 22, 16, 62",9,13,11,13,7,53,7,10,7,22,16,62,1-3,3-0,11/24/15,Lose,112,No Location Recorded,7:00 PM,H,286,--,"REBOUND DEF by MARTIN,ALEX",,,,,,,"REBOUND DEF by MARTIN,ALEX",3,defensive rebound,,spalding,alex martin,,
287,4,spalding,Spalding,Centre,53-62,53,62,"9, 13, 11, 13, 7, 53","7, 10, 7, 22, 16, 62",9,13,11,13,7,53,7,10,7,22,16,62,1-3,3-0,11/24/15,Lose,112,No Location Recorded,7:00 PM,H,287,02:45,"MISS JUMPER by SLITER,DEE DEE",,,,,,,"MISS JUMPER by SLITER,DEE DEE",3,jumper,missed,spalding,dee dee sliter,,165
288,4,spalding,Spalding,Centre,53-62,53,62,"9, 13, 11, 13, 7, 53","7, 10, 7, 22, 16, 62",9,13,11,13,7,53,7,10,7,22,16,62,1-3,3-0,11/24/15,Lose,112,No Location Recorded,7:00 PM,H,288,02:45,,,,,"BLOCK  by JUDY,MICHELE",,,"BLOCK  by JUDY,MICHELE",3,block,,Centre,michele judy,,165
289,4,spalding,Spalding,Centre,53-62,53,62,"9, 13, 11, 13, 7, 53","7, 10, 7, 22, 16, 62",9,13,11,13,7,53,7,10,7,22,16,62,1-3,3-0,11/24/15,Lose,112,No Location Recorded,7:00 PM,H,289,--,,,,,"REBOUND DEF by MOORE,KATIE",,,"REBOUND DEF by MOORE,KATIE",3,defensive rebound,,Centre,katie moore,,
290,4,spalding,Spalding,Centre,53-62,53,62,"9, 13, 11, 13, 7, 53","7, 10, 7, 22, 16, 62",9,13,11,13,7,53,7,10,7,22,16,62,1-3,3-0,11/24/15,Lose,112,No Location Recorded,7:00 PM,H,290,02:38,,21,,30 (+9),"GOOD LAYUP by MOORE,KATIE(fastbreak)(in the paint)",CENTRE-W 21-30 (+9),,"GOOD LAYUP by MOORE,KATIE(fastbreak)(in the paint)",3,layup,good,Centre,katie(fastbreak) moore,2,158
291,4,spalding,Spalding,Centre,53-62,53,62,"9, 13, 11, 13, 7, 53","7, 10, 7, 22, 16, 62",9,13,11,13,7,53,7,10,7,22,16,62,1-3,3-0,11/24/15,Lose,112,No Location Recorded,7:00 PM,H,291,02:16,"TURNOVER  by HUNTER,BRANDY",,,,,,,"TURNOVER  by HUNTER,BRANDY",3,turnover,,spalding,brandy hunter,,136
292,4,spalding,Spalding,Centre,53-62,53,62,"9, 13, 11, 13, 7, 53","7, 10, 7, 22, 16, 62",9,13,11,13,7,53,7,10,7,22,16,62,1-3,3-0,11/24/15,Lose,112,No Location Recorded,7:00 PM,H,292,02:14,,,,,"STEAL  by KELLAM,PAIGE",,,"STEAL  by KELLAM,PAIGE",3,steal,,Centre,,,134
293,4,spalding,Spalding,Centre,53-62,53,62,"9, 13, 11, 13, 7, 53","7, 10, 7, 22, 16, 62",9,13,11,13,7,53,7,10,7,22,16,62,1-3,3-0,11/24/15,Lose,112,No Location Recorded,7:00 PM,H,293,01:51,"FOUL  by MARTIN,ALEX",,,,,,,"FOUL  by MARTIN,ALEX",3,foul,,spalding,alex martin,,111
294,4,spalding,Spalding,Centre,53-62,53,62,"9, 13, 11, 13, 7, 53","7, 10, 7, 22, 16, 62",9,13,11,13,7,53,7,10,7,22,16,62,1-3,3-0,11/24/15,Lose,112,No Location Recorded,7:00 PM,H,294,01:51,TIMEOUT 30SEC by TEAM,,,,,,,TIMEOUT 30SEC by TEAM,3,timeout,,Centre,,,111
295,4,spalding,Spalding,Centre,53-62,53,62,"9, 13, 11, 13, 7, 53","7, 10, 7, 22, 16, 62",9,13,11,13,7,53,7,10,7,22,16,62,1-3,3-0,11/24/15,Lose,112,No Location Recorded,7:00 PM,H,295,01:51,,21,,33 (+12),"GOOD 3PTR by MOORE,KATIE",CENTRE-W 21-33 (+12),,"GOOD 3PTR by MOORE,KATIE",3,three pointer,good,Centre,katie moore,3,111
296,4,spalding,Spalding,Centre,53-62,53,62,"9, 13, 11, 13, 7, 53","7, 10, 7, 22, 16, 62",9,13,11,13,7,53,7,10,7,22,16,62,1-3,3-0,11/24/15,Lose,112,No Location Recorded,7:00 PM,H,296,--,,,,,"ASSIST  by MCKNIGHT,KAITLYN",,,"ASSIST  by MCKNIGHT,KAITLYN",3,assist,,Centre,kaitlyn mcknight,,
297,4,spalding,Spalding,Centre,53-62,53,62,"9, 13, 11, 13, 7, 53","7, 10, 7, 22, 16, 62",9,13,11,13,7,53,7,10,7,22,16,62,1-3,3-0,11/24/15,Lose,112,No Location Recorded,7:00 PM,H,297,01:51,,,,,"SUB IN by ANDREASSEN,CAROLINE",,,"SUB IN by ANDREASSEN,CAROLINE",3,subbing in,,Centre,caroline andreassen,,111
298,4,spalding,Spalding,Centre,53-62,53,62,"9, 13, 11, 13, 7, 53","7, 10, 7, 22, 16, 62",9,13,11,13,7,53,7,10,7,22,16,62,1-3,3-0,11/24/15,Lose,112,No Location Recorded,7:00 PM,H,298,01:51,,,,,"SUB OUT by KELLAM,PAIGE",,,"SUB OUT by KELLAM,PAIGE",3,subbing out,,Centre,paige kellam,,111
299,4,spalding,Spalding,Centre,53-62,53,62,"9, 13, 11, 13, 7, 53","7, 10, 7, 22, 16, 62",9,13,11,13,7,53,7,10,7,22,16,62,1-3,3-0,11/24/15,Lose,112,No Location Recorded,7:00 PM,H,299,01:36,"GOOD 3PTR by HARDIN,MAYA",24,,33 (+9),,SPALDING 24-33 (+9),,"GOOD 3PTR by HARDIN,MAYA",3,three pointer,good,spalding,maya hardin,3,96
300,4,spalding,Spalding,Centre,53-62,53,62,"9, 13, 11, 13, 7, 53","7, 10, 7, 22, 16, 62",9,13,11,13,7,53,7,10,7,22,16,62,1-3,3-0,11/24/15,Lose,112,No Location Recorded,7:00 PM,H,300,--,"ASSIST  by MARTIN,ALEX",,,,,,,"ASSIST  by MARTIN,ALEX",3,assist,,spalding,alex martin,,
301,4,spalding,Spalding,Centre,53-62,53,62,"9, 13, 11, 13, 7, 53","7, 10, 7, 22, 16, 62",9,13,11,13,7,53,7,10,7,22,16,62,1-3,3-0,11/24/15,Lose,112,No Location Recorded,7:00 PM,H,301,01:17,,,,,"SUB IN by RHULE,BONNIE",,,"SUB IN by RHULE,BONNIE",3,subbing in,,Centre,bonnie rhule,,77
302,4,spalding,Spalding,Centre,53-62,53,62,"9, 13, 11, 13, 7, 53","7, 10, 7, 22, 16, 62",9,13,11,13,7,53,7,10,7,22,16,62,1-3,3-0,11/24/15,Lose,112,No Location Recorded,7:00 PM,H,302,01:17,,,,,"SUB OUT by VANCE,DAY",,,"SUB OUT by VANCE,DAY",3,subbing out,,Centre,day vance,,77
303,4,spalding,Spalding,Centre,53-62,53,62,"9, 13, 11, 13, 7, 53","7, 10, 7, 22, 16, 62",9,13,11,13,7,53,7,10,7,22,16,62,1-3,3-0,11/24/15,Lose,112,No Location Recorded,7:00 PM,H,303,01:16,,,,,"MISS JUMPER by ANDREASSEN,CAROLINE",,,"MISS JUMPER by ANDREASSEN,CAROLINE",3,jumper,missed,Centre,caroline andreassen,,76
304,4,spalding,Spalding,Centre,53-62,53,62,"9, 13, 11, 13, 7, 53","7, 10, 7, 22, 16, 62",9,13,11,13,7,53,7,10,7,22,16,62,1-3,3-0,11/24/15,Lose,112,No Location Recorded,7:00 PM,H,304,01:16,"BLOCK  by SLITER,DEE DEE",,,,,,,"BLOCK  by SLITER,DEE DEE",3,block,,spalding,dee dee sliter,,76
305,4,spalding,Spalding,Centre,53-62,53,62,"9, 13, 11, 13, 7, 53","7, 10, 7, 22, 16, 62",9,13,11,13,7,53,7,10,7,22,16,62,1-3,3-0,11/24/15,Lose,112,No Location Recorded,7:00 PM,H,305,--,"REBOUND DEF by MARTIN,ALEX",,,,,,,"REBOUND DEF by MARTIN,ALEX",3,defensive rebound,,spalding,alex martin,,
306,4,spalding,Spalding,Centre,53-62,53,62,"9, 13, 11, 13, 7, 53","7, 10, 7, 22, 16, 62",9,13,11,13,7,53,7,10,7,22,16,62,1-3,3-0,11/24/15,Lose,112,No Location Recorded,7:00 PM,H,306,01:06,"TURNOVER  by MARTIN,ALEX",,,,,,,"TURNOVER  by MARTIN,ALEX",3,turnover,,spalding,alex martin,,66
307,4,spalding,Spalding,Centre,53-62,53,62,"9, 13, 11, 13, 7, 53","7, 10, 7, 22, 16, 62",9,13,11,13,7,53,7,10,7,22,16,62,1-3,3-0,11/24/15,Lose,112,No Location Recorded,7:00 PM,H,307,01:04,,,,,"STEAL  by GUY,ALEXIS",,,"STEAL  by GUY,ALEXIS",3,steal,,Centre,,,64
308,4,spalding,Spalding,Centre,53-62,53,62,"9, 13, 11, 13, 7, 53","7, 10, 7, 22, 16, 62",9,13,11,13,7,53,7,10,7,22,16,62,1-3,3-0,11/24/15,Lose,112,No Location Recorded,7:00 PM,H,308,01:03,,,,,"MISS 3PTR by GUY,ALEXIS",,,"MISS 3PTR by GUY,ALEXIS",3,three pointer,missed,Centre,alexis guy,,63
309,4,spalding,Spalding,Centre,53-62,53,62,"9, 13, 11, 13, 7, 53","7, 10, 7, 22, 16, 62",9,13,11,13,7,53,7,10,7,22,16,62,1-3,3-0,11/24/15,Lose,112,No Location Recorded,7:00 PM,H,309,--,"REBOUND DEF by MARTIN,MADDIE",,,,,,,"REBOUND DEF by MARTIN,MADDIE",3,defensive rebound,,spalding,maddie martin,,
310,4,spalding,Spalding,Centre,53-62,53,62,"9, 13, 11, 13, 7, 53","7, 10, 7, 22, 16, 62",9,13,11,13,7,53,7,10,7,22,16,62,1-3,3-0,11/24/15,Lose,112,No Location Recorded,7:00 PM,H,310,00:40,"MISS 3PTR by HARDIN,MAYA",,,,,,,"MISS 3PTR by HARDIN,MAYA",3,three pointer,missed,spalding,maya hardin,,40
311,4,spalding,Spalding,Centre,53-62,53,62,"9, 13, 11, 13, 7, 53","7, 10, 7, 22, 16, 62",9,13,11,13,7,53,7,10,7,22,16,62,1-3,3-0,11/24/15,Lose,112,No Location Recorded,7:00 PM,H,311,--,,,,,"REBOUND DEF by ANDREASSEN,CAROLINE",,,"REBOUND DEF by ANDREASSEN,CAROLINE",3,defensive rebound,,Centre,caroline andreassen,,
312,4,spalding,Spalding,Centre,53-62,53,62,"9, 13, 11, 13, 7, 53","7, 10, 7, 22, 16, 62",9,13,11,13,7,53,7,10,7,22,16,62,1-3,3-0,11/24/15,Lose,112,No Location Recorded,7:00 PM,H,312,00:11,,,,,"MISS JUMPER by ANDREASSEN,CAROLINE",,,"MISS JUMPER by ANDREASSEN,CAROLINE",3,jumper,missed,Centre,caroline andreassen,,11
313,4,spalding,Spalding,Centre,53-62,53,62,"9, 13, 11, 13, 7, 53","7, 10, 7, 22, 16, 62",9,13,11,13,7,53,7,10,7,22,16,62,1-3,3-0,11/24/15,Lose,112,No Location Recorded,7:00 PM,H,313,--,"REBOUND DEF by HARDIN,MAYA",,,,,,,"REBOUND DEF by HARDIN,MAYA",3,defensive rebound,,spalding,maya hardin,,
314,4,spalding,Spalding,Centre,53-62,53,62,"9, 13, 11, 13, 7, 53","7, 10, 7, 22, 16, 62",9,13,11,13,7,53,7,10,7,22,16,62,1-3,3-0,11/24/15,Lose,112,No Location Recorded,7:00 PM,H,314,00:05,"SUB IN by SKAGGS,JULIE",,,,,,,"SUB IN by SKAGGS,JULIE",3,subbing in,,spalding,julie skaggs,,5
315,4,spalding,Spalding,Centre,53-62,53,62,"9, 13, 11, 13, 7, 53","7, 10, 7, 22, 16, 62",9,13,11,13,7,53,7,10,7,22,16,62,1-3,3-0,11/24/15,Lose,112,No Location Recorded,7:00 PM,H,315,00:05,"SUB IN by HARDIN,MAYA",,,,,,,"SUB IN by HARDIN,MAYA",3,subbing in,,spalding,maya hardin,,5
316,4,spalding,Spalding,Centre,53-62,53,62,"9, 13, 11, 13, 7, 53","7, 10, 7, 22, 16, 62",9,13,11,13,7,53,7,10,7,22,16,62,1-3,3-0,11/24/15,Lose,112,No Location Recorded,7:00 PM,H,316,00:05,"SUB OUT by MARTIN,MADDIE",,,,,,,"SUB OUT by MARTIN,MADDIE",3,subbing out,,spalding,maddie martin,,5
317,4,spalding,Spalding,Centre,53-62,53,62,"9, 13, 11, 13, 7, 53","7, 10, 7, 22, 16, 62",9,13,11,13,7,53,7,10,7,22,16,62,1-3,3-0,11/24/15,Lose,112,No Location Recorded,7:00 PM,H,317,00:05,"SUB OUT by SLITER,DEE DEE",,,,,,,"SUB OUT by SLITER,DEE DEE",3,subbing out,,spalding,dee dee sliter,,5
318,4,spalding,Spalding,Centre,53-62,53,62,"9, 13, 11, 13, 7, 53","7, 10, 7, 22, 16, 62",9,13,11,13,7,53,7,10,7,22,16,62,1-3,3-0,11/24/15,Lose,112,No Location Recorded,7:00 PM,H,318,00:05,,,,,"SUB IN by JUDY,MICHELE",,,"SUB IN by JUDY,MICHELE",3,subbing in,,Centre,michele judy,,5
319,4,spalding,Spalding,Centre,53-62,53,62,"9, 13, 11, 13, 7, 53","7, 10, 7, 22, 16, 62",9,13,11,13,7,53,7,10,7,22,16,62,1-3,3-0,11/24/15,Lose,112,No Location Recorded,7:00 PM,H,319,00:05,,,,,"SUB IN by MCKNIGHT,KAITLYN",,,"SUB IN by MCKNIGHT,KAITLYN",3,subbing in,,Centre,kaitlyn mcknight,,5
320,4,spalding,Spalding,Centre,53-62,53,62,"9, 13, 11, 13, 7, 53","7, 10, 7, 22, 16, 62",9,13,11,13,7,53,7,10,7,22,16,62,1-3,3-0,11/24/15,Lose,112,No Location Recorded,7:00 PM,H,320,00:05,,,,,"SUB OUT by RICE,MADISON",,,"SUB OUT by RICE,MADISON",3,subbing out,,Centre,madison rice,,5
321,4,spalding,Spalding,Centre,53-62,53,62,"9, 13, 11, 13, 7, 53","7, 10, 7, 22, 16, 62",9,13,11,13,7,53,7,10,7,22,16,62,1-3,3-0,11/24/15,Lose,112,No Location Recorded,7:00 PM,H,321,00:05,,,,,"SUB OUT by ANDREASSEN,CAROLINE",,,"SUB OUT by ANDREASSEN,CAROLINE",3,subbing out,,Centre,caroline andreassen,,5
322,4,spalding,Spalding,Centre,53-62,53,62,"9, 13, 11, 13, 7, 53","7, 10, 7, 22, 16, 62",9,13,11,13,7,53,7,10,7,22,16,62,1-3,3-0,11/24/15,Lose,112,No Location Recorded,7:00 PM,H,322,00:03,"MISS JUMPER by MARTIN,ALEX",,,,,,,"MISS JUMPER by MARTIN,ALEX",3,jumper,missed,spalding,alex martin,,3
323,4,spalding,Spalding,Centre,53-62,53,62,"9, 13, 11, 13, 7, 53","7, 10, 7, 22, 16, 62",9,13,11,13,7,53,7,10,7,22,16,62,1-3,3-0,11/24/15,Lose,112,No Location Recorded,7:00 PM,H,323,--,,,,,REBOUND DEF by TEAM,,,REBOUND DEF by TEAM,3,defensive rebound,,Centre,,,
324,4,spalding,Spalding,Centre,53-62,53,62,"9, 13, 11, 13, 7, 53","7, 10, 7, 22, 16, 62",9,13,11,13,7,53,7,10,7,22,16,62,1-3,3-0,11/24/15,Lose,112,No Location Recorded,7:00 PM,H,324,Start Period 4,,,,,,,,,4,,,,,,
325,4,spalding,Spalding,Centre,53-62,53,62,"9, 13, 11, 13, 7, 53","7, 10, 7, 22, 16, 62",9,13,11,13,7,53,7,10,7,22,16,62,1-3,3-0,11/24/15,Lose,112,No Location Recorded,7:00 PM,H,325,10:00,"SUB IN by KAISER,KELSEY",,,,,,,"SUB IN by KAISER,KELSEY",4,subbing in,,spalding,kelsey kaiser,,600
326,4,spalding,Spalding,Centre,53-62,53,62,"9, 13, 11, 13, 7, 53","7, 10, 7, 22, 16, 62",9,13,11,13,7,53,7,10,7,22,16,62,1-3,3-0,11/24/15,Lose,112,No Location Recorded,7:00 PM,H,326,10:00,"SUB IN by HUNTER,BRANDY",,,,,,,"SUB IN by HUNTER,BRANDY",4,subbing in,,spalding,brandy hunter,,600
327,4,spalding,Spalding,Centre,53-62,53,62,"9, 13, 11, 13, 7, 53","7, 10, 7, 22, 16, 62",9,13,11,13,7,53,7,10,7,22,16,62,1-3,3-0,11/24/15,Lose,112,No Location Recorded,7:00 PM,H,327,10:00,"SUB OUT by MYERS,MACKENZIE",,,,,,,"SUB OUT by MYERS,MACKENZIE",4,subbing out,,spalding,mackenzie myers,,600
328,4,spalding,Spalding,Centre,53-62,53,62,"9, 13, 11, 13, 7, 53","7, 10, 7, 22, 16, 62",9,13,11,13,7,53,7,10,7,22,16,62,1-3,3-0,11/24/15,Lose,112,No Location Recorded,7:00 PM,H,328,10:00,"SUB OUT by SLITER,DEE DEE",,,,,,,"SUB OUT by SLITER,DEE DEE",4,subbing out,,spalding,dee dee sliter,,600
329,4,spalding,Spalding,Centre,53-62,53,62,"9, 13, 11, 13, 7, 53","7, 10, 7, 22, 16, 62",9,13,11,13,7,53,7,10,7,22,16,62,1-3,3-0,11/24/15,Lose,112,No Location Recorded,7:00 PM,H,329,09:54,,,,,"TURNOVER  by MOORE,KATIE",,,"TURNOVER  by MOORE,KATIE",4,turnover,,Centre,katie moore,,594
330,4,spalding,Spalding,Centre,53-62,53,62,"9, 13, 11, 13, 7, 53","7, 10, 7, 22, 16, 62",9,13,11,13,7,53,7,10,7,22,16,62,1-3,3-0,11/24/15,Lose,112,No Location Recorded,7:00 PM,H,330,09:52,"STEAL  by HUNTER,BRANDY",,,,,,,"STEAL  by HUNTER,BRANDY",4,steal,,spalding,,,592
331,4,spalding,Spalding,Centre,53-62,53,62,"9, 13, 11, 13, 7, 53","7, 10, 7, 22, 16, 62",9,13,11,13,7,53,7,10,7,22,16,62,1-3,3-0,11/24/15,Lose,112,No Location Recorded,7:00 PM,H,331,09:39,"MISS JUMPER by SKAGGS,JULIE",,,,,,,"MISS JUMPER by SKAGGS,JULIE",4,jumper,missed,spalding,julie skaggs,,579
332,4,spalding,Spalding,Centre,53-62,53,62,"9, 13, 11, 13, 7, 53","7, 10, 7, 22, 16, 62",9,13,11,13,7,53,7,10,7,22,16,62,1-3,3-0,11/24/15,Lose,112,No Location Recorded,7:00 PM,H,332,--,,,,,"REBOUND DEF by JUDY,MICHELE",,,"REBOUND DEF by JUDY,MICHELE",4,defensive rebound,,Centre,michele judy,,
333,4,spalding,Spalding,Centre,53-62,53,62,"9, 13, 11, 13, 7, 53","7, 10, 7, 22, 16, 62",9,13,11,13,7,53,7,10,7,22,16,62,1-3,3-0,11/24/15,Lose,112,No Location Recorded,7:00 PM,H,333,09:23,,,,,"TURNOVER  by GUY,ALEXIS",,,"TURNOVER  by GUY,ALEXIS",4,turnover,,Centre,alexis guy,,563
334,4,spalding,Spalding,Centre,53-62,53,62,"9, 13, 11, 13, 7, 53","7, 10, 7, 22, 16, 62",9,13,11,13,7,53,7,10,7,22,16,62,1-3,3-0,11/24/15,Lose,112,No Location Recorded,7:00 PM,H,334,09:23,"SUB IN by MYERS,MACKENZIE",,,,,,,"SUB IN by MYERS,MACKENZIE",4,subbing in,,spalding,mackenzie myers,,563
335,4,spalding,Spalding,Centre,53-62,53,62,"9, 13, 11, 13, 7, 53","7, 10, 7, 22, 16, 62",9,13,11,13,7,53,7,10,7,22,16,62,1-3,3-0,11/24/15,Lose,112,No Location Recorded,7:00 PM,H,335,09:23,"SUB OUT by KAISER,KELSEY",,,,,,,"SUB OUT by KAISER,KELSEY",4,subbing out,,spalding,kelsey kaiser,,563
336,4,spalding,Spalding,Centre,53-62,53,62,"9, 13, 11, 13, 7, 53","7, 10, 7, 22, 16, 62",9,13,11,13,7,53,7,10,7,22,16,62,1-3,3-0,11/24/15,Lose,112,No Location Recorded,7:00 PM,H,336,09:04,"MISS JUMPER by HARDIN,MAYA",,,,,,,"MISS JUMPER by HARDIN,MAYA",4,jumper,missed,spalding,maya hardin,,544
337,4,spalding,Spalding,Centre,53-62,53,62,"9, 13, 11, 13, 7, 53","7, 10, 7, 22, 16, 62",9,13,11,13,7,53,7,10,7,22,16,62,1-3,3-0,11/24/15,Lose,112,No Location Recorded,7:00 PM,H,337,--,,,,,"REBOUND DEF by GUY,ALEXIS",,,"REBOUND DEF by GUY,ALEXIS",4,defensive rebound,,Centre,alexis guy,,
338,4,spalding,Spalding,Centre,53-62,53,62,"9, 13, 11, 13, 7, 53","7, 10, 7, 22, 16, 62",9,13,11,13,7,53,7,10,7,22,16,62,1-3,3-0,11/24/15,Lose,112,No Location Recorded,7:00 PM,H,338,08:58,,,,,"TURNOVER  by GUY,ALEXIS",,,"TURNOVER  by GUY,ALEXIS",4,turnover,,Centre,alexis guy,,538
339,4,spalding,Spalding,Centre,53-62,53,62,"9, 13, 11, 13, 7, 53","7, 10, 7, 22, 16, 62",9,13,11,13,7,53,7,10,7,22,16,62,1-3,3-0,11/24/15,Lose,112,No Location Recorded,7:00 PM,H,339,08:57,"STEAL  by HARDIN,MAYA",,,,,,,"STEAL  by HARDIN,MAYA",4,steal,,spalding,,,537
340,4,spalding,Spalding,Centre,53-62,53,62,"9, 13, 11, 13, 7, 53","7, 10, 7, 22, 16, 62",9,13,11,13,7,53,7,10,7,22,16,62,1-3,3-0,11/24/15,Lose,112,No Location Recorded,7:00 PM,H,340,08:56,"GOOD LAYUP by MYERS,MACKENZIE(fastbreak)(in the paint)",26,,33 (+7),,SPALDING 26-33 (+7),,"GOOD LAYUP by MYERS,MACKENZIE(fastbreak)(in the paint)",4,layup,good,spalding,mackenzie(fastbreak) myers,2,536
341,4,spalding,Spalding,Centre,53-62,53,62,"9, 13, 11, 13, 7, 53","7, 10, 7, 22, 16, 62",9,13,11,13,7,53,7,10,7,22,16,62,1-3,3-0,11/24/15,Lose,112,No Location Recorded,7:00 PM,H,341,--,"ASSIST  by HARDIN,MAYA",,,,,,,"ASSIST  by HARDIN,MAYA",4,assist,,spalding,maya hardin,,
342,4,spalding,Spalding,Centre,53-62,53,62,"9, 13, 11, 13, 7, 53","7, 10, 7, 22, 16, 62",9,13,11,13,7,53,7,10,7,22,16,62,1-3,3-0,11/24/15,Lose,112,No Location Recorded,7:00 PM,H,342,08:56,,,,,"FOUL  by RHULE,BONNIE",,,"FOUL  by RHULE,BONNIE",4,foul,,Centre,bonnie rhule,,536
343,4,spalding,Spalding,Centre,53-62,53,62,"9, 13, 11, 13, 7, 53","7, 10, 7, 22, 16, 62",9,13,11,13,7,53,7,10,7,22,16,62,1-3,3-0,11/24/15,Lose,112,No Location Recorded,7:00 PM,H,343,08:56,"GOOD FT by MYERS,MACKENZIE",27,,33 (+6),,SPALDING 27-33 (+6),,"GOOD FT by MYERS,MACKENZIE",4,free throw,good,spalding,mackenzie myers,1,536
344,4,spalding,Spalding,Centre,53-62,53,62,"9, 13, 11, 13, 7, 53","7, 10, 7, 22, 16, 62",9,13,11,13,7,53,7,10,7,22,16,62,1-3,3-0,11/24/15,Lose,112,No Location Recorded,7:00 PM,H,344,08:35,,,,,"MISS LAYUP by JUDY,MICHELE",,,"MISS LAYUP by JUDY,MICHELE",4,layup,missed,Centre,michele judy,,515
345,4,spalding,Spalding,Centre,53-62,53,62,"9, 13, 11, 13, 7, 53","7, 10, 7, 22, 16, 62",9,13,11,13,7,53,7,10,7,22,16,62,1-3,3-0,11/24/15,Lose,112,No Location Recorded,7:00 PM,H,345,08:35,"BLOCK  by HARDIN,MAYA",,,,,,,"BLOCK  by HARDIN,MAYA",4,block,,spalding,maya hardin,,515
346,4,spalding,Spalding,Centre,53-62,53,62,"9, 13, 11, 13, 7, 53","7, 10, 7, 22, 16, 62",9,13,11,13,7,53,7,10,7,22,16,62,1-3,3-0,11/24/15,Lose,112,No Location Recorded,7:00 PM,H,346,--,,,,,REBOUND OFF by TEAM,,,REBOUND OFF by TEAM,4,offensive rebound,,Centre,,,
347,4,spalding,Spalding,Centre,53-62,53,62,"9, 13, 11, 13, 7, 53","7, 10, 7, 22, 16, 62",9,13,11,13,7,53,7,10,7,22,16,62,1-3,3-0,11/24/15,Lose,112,No Location Recorded,7:00 PM,H,347,08:27,,,,,"MISS 3PTR by GUY,ALEXIS",,,"MISS 3PTR by GUY,ALEXIS",4,three pointer,missed,Centre,alexis guy,,507
348,4,spalding,Spalding,Centre,53-62,53,62,"9, 13, 11, 13, 7, 53","7, 10, 7, 22, 16, 62",9,13,11,13,7,53,7,10,7,22,16,62,1-3,3-0,11/24/15,Lose,112,No Location Recorded,7:00 PM,H,348,--,"REBOUND DEF by MYERS,MACKENZIE",,,,,,,"REBOUND DEF by MYERS,MACKENZIE",4,defensive rebound,,spalding,mackenzie myers,,
349,4,spalding,Spalding,Centre,53-62,53,62,"9, 13, 11, 13, 7, 53","7, 10, 7, 22, 16, 62",9,13,11,13,7,53,7,10,7,22,16,62,1-3,3-0,11/24/15,Lose,112,No Location Recorded,7:00 PM,H,349,08:15,"GOOD JUMPER by MARTIN,ALEX(in the paint)",29,,33 (+4),,SPALDING 29-33 (+4),,"GOOD JUMPER by MARTIN,ALEX(in the paint)",4,jumper,good,spalding,alex martin,2,495
350,4,spalding,Spalding,Centre,53-62,53,62,"9, 13, 11, 13, 7, 53","7, 10, 7, 22, 16, 62",9,13,11,13,7,53,7,10,7,22,16,62,1-3,3-0,11/24/15,Lose,112,No Location Recorded,7:00 PM,H,350,08:01,,,,,"TURNOVER  by MCKNIGHT,KAITLYN",,,"TURNOVER  by MCKNIGHT,KAITLYN",4,turnover,,Centre,kaitlyn mcknight,,481
351,4,spalding,Spalding,Centre,53-62,53,62,"9, 13, 11, 13, 7, 53","7, 10, 7, 22, 16, 62",9,13,11,13,7,53,7,10,7,22,16,62,1-3,3-0,11/24/15,Lose,112,No Location Recorded,7:00 PM,H,351,07:58,"STEAL  by HUNTER,BRANDY",,,,,,,"STEAL  by HUNTER,BRANDY",4,steal,,spalding,,,478
352,4,spalding,Spalding,Centre,53-62,53,62,"9, 13, 11, 13, 7, 53","7, 10, 7, 22, 16, 62",9,13,11,13,7,53,7,10,7,22,16,62,1-3,3-0,11/24/15,Lose,112,No Location Recorded,7:00 PM,H,352,07:43,"GOOD JUMPER by MARTIN,ALEX",31,,33 (+2),,SPALDING 31-33 (+2),,"GOOD JUMPER by MARTIN,ALEX",4,jumper,good,spalding,alex martin,2,463
353,4,spalding,Spalding,Centre,53-62,53,62,"9, 13, 11, 13, 7, 53","7, 10, 7, 22, 16, 62",9,13,11,13,7,53,7,10,7,22,16,62,1-3,3-0,11/24/15,Lose,112,No Location Recorded,7:00 PM,H,353,07:33,,,,,TIMEOUT 20SEC by TEAM,,,TIMEOUT 20SEC by TEAM,4,timeout,,Centre,,,453
354,4,spalding,Spalding,Centre,53-62,53,62,"9, 13, 11, 13, 7, 53","7, 10, 7, 22, 16, 62",9,13,11,13,7,53,7,10,7,22,16,62,1-3,3-0,11/24/15,Lose,112,No Location Recorded,7:00 PM,H,354,07:33,"SUB IN by SLITER,DEE DEE",,,,,,,"SUB IN by SLITER,DEE DEE",4,subbing in,,spalding,dee dee sliter,,453
355,4,spalding,Spalding,Centre,53-62,53,62,"9, 13, 11, 13, 7, 53","7, 10, 7, 22, 16, 62",9,13,11,13,7,53,7,10,7,22,16,62,1-3,3-0,11/24/15,Lose,112,No Location Recorded,7:00 PM,H,355,07:33,"SUB OUT by SKAGGS,JULIE",,,,,,,"SUB OUT by SKAGGS,JULIE",4,subbing out,,spalding,julie skaggs,,453
356,4,spalding,Spalding,Centre,53-62,53,62,"9, 13, 11, 13, 7, 53","7, 10, 7, 22, 16, 62",9,13,11,13,7,53,7,10,7,22,16,62,1-3,3-0,11/24/15,Lose,112,No Location Recorded,7:00 PM,H,356,07:33,,,,,"SUB IN by VANCE,DAY",,,"SUB IN by VANCE,DAY",4,subbing in,,Centre,day vance,,453
357,4,spalding,Spalding,Centre,53-62,53,62,"9, 13, 11, 13, 7, 53","7, 10, 7, 22, 16, 62",9,13,11,13,7,53,7,10,7,22,16,62,1-3,3-0,11/24/15,Lose,112,No Location Recorded,7:00 PM,H,357,07:33,,,,,"SUB IN by RICE,MADISON",,,"SUB IN by RICE,MADISON",4,subbing in,,Centre,madison rice,,453
358,4,spalding,Spalding,Centre,53-62,53,62,"9, 13, 11, 13, 7, 53","7, 10, 7, 22, 16, 62",9,13,11,13,7,53,7,10,7,22,16,62,1-3,3-0,11/24/15,Lose,112,No Location Recorded,7:00 PM,H,358,07:33,,,,,"SUB IN by ANDREASSEN,CAROLINE",,,"SUB IN by ANDREASSEN,CAROLINE",4,subbing in,,Centre,caroline andreassen,,453
359,4,spalding,Spalding,Centre,53-62,53,62,"9, 13, 11, 13, 7, 53","7, 10, 7, 22, 16, 62",9,13,11,13,7,53,7,10,7,22,16,62,1-3,3-0,11/24/15,Lose,112,No Location Recorded,7:00 PM,H,359,07:33,,,,,"SUB IN by KELLAM,PAIGE",,,"SUB IN by KELLAM,PAIGE",4,subbing in,,Centre,paige kellam,,453
360,4,spalding,Spalding,Centre,53-62,53,62,"9, 13, 11, 13, 7, 53","7, 10, 7, 22, 16, 62",9,13,11,13,7,53,7,10,7,22,16,62,1-3,3-0,11/24/15,Lose,112,No Location Recorded,7:00 PM,H,360,07:33,,,,,"SUB OUT by JUDY,MICHELE",,,"SUB OUT by JUDY,MICHELE",4,subbing out,,Centre,michele judy,,453
361,4,spalding,Spalding,Centre,53-62,53,62,"9, 13, 11, 13, 7, 53","7, 10, 7, 22, 16, 62",9,13,11,13,7,53,7,10,7,22,16,62,1-3,3-0,11/24/15,Lose,112,No Location Recorded,7:00 PM,H,361,07:33,,,,,"SUB OUT by GUY,ALEXIS",,,"SUB OUT by GUY,ALEXIS",4,subbing out,,Centre,alexis guy,,453
362,4,spalding,Spalding,Centre,53-62,53,62,"9, 13, 11, 13, 7, 53","7, 10, 7, 22, 16, 62",9,13,11,13,7,53,7,10,7,22,16,62,1-3,3-0,11/24/15,Lose,112,No Location Recorded,7:00 PM,H,362,07:33,,,,,"SUB OUT by MCKNIGHT,KAITLYN",,,"SUB OUT by MCKNIGHT,KAITLYN",4,subbing out,,Centre,kaitlyn mcknight,,453
363,4,spalding,Spalding,Centre,53-62,53,62,"9, 13, 11, 13, 7, 53","7, 10, 7, 22, 16, 62",9,13,11,13,7,53,7,10,7,22,16,62,1-3,3-0,11/24/15,Lose,112,No Location Recorded,7:00 PM,H,363,07:33,,,,,"SUB OUT by RHULE,BONNIE",,,"SUB OUT by RHULE,BONNIE",4,subbing out,,Centre,bonnie rhule,,453
364,4,spalding,Spalding,Centre,53-62,53,62,"9, 13, 11, 13, 7, 53","7, 10, 7, 22, 16, 62",9,13,11,13,7,53,7,10,7,22,16,62,1-3,3-0,11/24/15,Lose,112,No Location Recorded,7:00 PM,H,364,07:15,,,,,"MISS 3PTR by ANDREASSEN,CAROLINE",,,"MISS 3PTR by ANDREASSEN,CAROLINE",4,three pointer,missed,Centre,caroline andreassen,,435
365,4,spalding,Spalding,Centre,53-62,53,62,"9, 13, 11, 13, 7, 53","7, 10, 7, 22, 16, 62",9,13,11,13,7,53,7,10,7,22,16,62,1-3,3-0,11/24/15,Lose,112,No Location Recorded,7:00 PM,H,365,--,,,,,"REBOUND OFF by KELLAM,PAIGE",,,"REBOUND OFF by KELLAM,PAIGE",4,offensive rebound,,Centre,paige kellam,,
366,4,spalding,Spalding,Centre,53-62,53,62,"9, 13, 11, 13, 7, 53","7, 10, 7, 22, 16, 62",9,13,11,13,7,53,7,10,7,22,16,62,1-3,3-0,11/24/15,Lose,112,No Location Recorded,7:00 PM,H,366,07:08,,,,,"MISS 3PTR by ANDREASSEN,CAROLINE",,,"MISS 3PTR by ANDREASSEN,CAROLINE",4,three pointer,missed,Centre,caroline andreassen,,428
367,4,spalding,Spalding,Centre,53-62,53,62,"9, 13, 11, 13, 7, 53","7, 10, 7, 22, 16, 62",9,13,11,13,7,53,7,10,7,22,16,62,1-3,3-0,11/24/15,Lose,112,No Location Recorded,7:00 PM,H,367,--,"REBOUND DEF by MYERS,MACKENZIE",,,,,,,"REBOUND DEF by MYERS,MACKENZIE",4,defensive rebound,,spalding,mackenzie myers,,
368,4,spalding,Spalding,Centre,53-62,53,62,"9, 13, 11, 13, 7, 53","7, 10, 7, 22, 16, 62",9,13,11,13,7,53,7,10,7,22,16,62,1-3,3-0,11/24/15,Lose,112,No Location Recorded,7:00 PM,H,368,06:51,"GOOD JUMPER by HARDIN,MAYA(in the paint)",33,,33,,SPALDING 33-33 (0),,"GOOD JUMPER by HARDIN,MAYA(in the paint)",4,jumper,good,spalding,maya hardin,2,411
369,4,spalding,Spalding,Centre,53-62,53,62,"9, 13, 11, 13, 7, 53","7, 10, 7, 22, 16, 62",9,13,11,13,7,53,7,10,7,22,16,62,1-3,3-0,11/24/15,Lose,112,No Location Recorded,7:00 PM,H,369,06:51,,,,,"FOUL  by RICE,MADISON",,,"FOUL  by RICE,MADISON",4,foul,,Centre,madison rice,,411
370,4,spalding,Spalding,Centre,53-62,53,62,"9, 13, 11, 13, 7, 53","7, 10, 7, 22, 16, 62",9,13,11,13,7,53,7,10,7,22,16,62,1-3,3-0,11/24/15,Lose,112,No Location Recorded,7:00 PM,H,370,06:51,"MISS FT by HARDIN,MAYA",,,,,,,"MISS FT by HARDIN,MAYA",4,free throw,missed,spalding,maya hardin,,411
371,4,spalding,Spalding,Centre,53-62,53,62,"9, 13, 11, 13, 7, 53","7, 10, 7, 22, 16, 62",9,13,11,13,7,53,7,10,7,22,16,62,1-3,3-0,11/24/15,Lose,112,No Location Recorded,7:00 PM,H,371,--,,,,,"REBOUND DEF by VANCE,DAY",,,"REBOUND DEF by VANCE,DAY",4,defensive rebound,,Centre,day vance,,
372,4,spalding,Spalding,Centre,53-62,53,62,"9, 13, 11, 13, 7, 53","7, 10, 7, 22, 16, 62",9,13,11,13,7,53,7,10,7,22,16,62,1-3,3-0,11/24/15,Lose,112,No Location Recorded,7:00 PM,H,372,06:34,,,,,"MISS 3PTR by ANDREASSEN,CAROLINE",,,"MISS 3PTR by ANDREASSEN,CAROLINE",4,three pointer,missed,Centre,caroline andreassen,,394
373,4,spalding,Spalding,Centre,53-62,53,62,"9, 13, 11, 13, 7, 53","7, 10, 7, 22, 16, 62",9,13,11,13,7,53,7,10,7,22,16,62,1-3,3-0,11/24/15,Lose,112,No Location Recorded,7:00 PM,H,373,--,"REBOUND DEF by MARTIN,ALEX",,,,,,,"REBOUND DEF by MARTIN,ALEX",4,defensive rebound,,spalding,alex martin,,
374,4,spalding,Spalding,Centre,53-62,53,62,"9, 13, 11, 13, 7, 53","7, 10, 7, 22, 16, 62",9,13,11,13,7,53,7,10,7,22,16,62,1-3,3-0,11/24/15,Lose,112,No Location Recorded,7:00 PM,H,374,06:27,"TURNOVER  by MARTIN,ALEX",,,,,,,"TURNOVER  by MARTIN,ALEX",4,turnover,,spalding,alex martin,,387
375,4,spalding,Spalding,Centre,53-62,53,62,"9, 13, 11, 13, 7, 53","7, 10, 7, 22, 16, 62",9,13,11,13,7,53,7,10,7,22,16,62,1-3,3-0,11/24/15,Lose,112,No Location Recorded,7:00 PM,H,375,06:12,,,,,"TURNOVER  by KELLAM,PAIGE",,,"TURNOVER  by KELLAM,PAIGE",4,turnover,,Centre,paige kellam,,372
376,4,spalding,Spalding,Centre,53-62,53,62,"9, 13, 11, 13, 7, 53","7, 10, 7, 22, 16, 62",9,13,11,13,7,53,7,10,7,22,16,62,1-3,3-0,11/24/15,Lose,112,No Location Recorded,7:00 PM,H,376,06:10,"STEAL  by MARTIN,ALEX",,,,,,,"STEAL  by MARTIN,ALEX",4,steal,,spalding,,,370
377,4,spalding,Spalding,Centre,53-62,53,62,"9, 13, 11, 13, 7, 53","7, 10, 7, 22, 16, 62",9,13,11,13,7,53,7,10,7,22,16,62,1-3,3-0,11/24/15,Lose,112,No Location Recorded,7:00 PM,H,377,06:00,"GOOD LAYUP by HARDIN,MAYA(in the paint)",35 (+2),,33,,SPALDING 35-33 (-2),,"GOOD LAYUP by HARDIN,MAYA(in the paint)",4,layup,good,spalding,maya hardin,2,360
378,4,spalding,Spalding,Centre,53-62,53,62,"9, 13, 11, 13, 7, 53","7, 10, 7, 22, 16, 62",9,13,11,13,7,53,7,10,7,22,16,62,1-3,3-0,11/24/15,Lose,112,No Location Recorded,7:00 PM,H,378,05:46,,35,,35,"GOOD JUMPER by RICE,MADISON",CENTRE-W 35-35 (0),,"GOOD JUMPER by RICE,MADISON",4,jumper,good,Centre,madison rice,2,346
379,4,spalding,Spalding,Centre,53-62,53,62,"9, 13, 11, 13, 7, 53","7, 10, 7, 22, 16, 62",9,13,11,13,7,53,7,10,7,22,16,62,1-3,3-0,11/24/15,Lose,112,No Location Recorded,7:00 PM,H,379,--,,,,,"ASSIST  by VANCE,DAY",,,"ASSIST  by VANCE,DAY",4,assist,,Centre,day vance,,
380,4,spalding,Spalding,Centre,53-62,53,62,"9, 13, 11, 13, 7, 53","7, 10, 7, 22, 16, 62",9,13,11,13,7,53,7,10,7,22,16,62,1-3,3-0,11/24/15,Lose,112,No Location Recorded,7:00 PM,H,380,05:21,"GOOD 3PTR by MARTIN,ALEX",38 (+3),,35,,SPALDING 38-35 (-3),,"GOOD 3PTR by MARTIN,ALEX",4,three pointer,good,spalding,alex martin,3,321
381,4,spalding,Spalding,Centre,53-62,53,62,"9, 13, 11, 13, 7, 53","7, 10, 7, 22, 16, 62",9,13,11,13,7,53,7,10,7,22,16,62,1-3,3-0,11/24/15,Lose,112,No Location Recorded,7:00 PM,H,381,--,"ASSIST  by HUNTER,BRANDY",,,,,,,"ASSIST  by HUNTER,BRANDY",4,assist,,spalding,brandy hunter,,
382,4,spalding,Spalding,Centre,53-62,53,62,"9, 13, 11, 13, 7, 53","7, 10, 7, 22, 16, 62",9,13,11,13,7,53,7,10,7,22,16,62,1-3,3-0,11/24/15,Lose,112,No Location Recorded,7:00 PM,H,382,05:06,,38,,38,"GOOD 3PTR by MOORE,KATIE",CENTRE-W 38-38 (0),,"GOOD 3PTR by MOORE,KATIE",4,three pointer,good,Centre,katie moore,3,306
383,4,spalding,Spalding,Centre,53-62,53,62,"9, 13, 11, 13, 7, 53","7, 10, 7, 22, 16, 62",9,13,11,13,7,53,7,10,7,22,16,62,1-3,3-0,11/24/15,Lose,112,No Location Recorded,7:00 PM,H,383,--,,,,,"ASSIST  by KELLAM,PAIGE",,,"ASSIST  by KELLAM,PAIGE",4,assist,,Centre,paige kellam,,
384,4,spalding,Spalding,Centre,53-62,53,62,"9, 13, 11, 13, 7, 53","7, 10, 7, 22, 16, 62",9,13,11,13,7,53,7,10,7,22,16,62,1-3,3-0,11/24/15,Lose,112,No Location Recorded,7:00 PM,H,384,04:47,"GOOD JUMPER by MYERS,MACKENZIE",40 (+2),,38,,SPALDING 40-38 (-2),,"GOOD JUMPER by MYERS,MACKENZIE",4,jumper,good,spalding,mackenzie myers,2,287
385,4,spalding,Spalding,Centre,53-62,53,62,"9, 13, 11, 13, 7, 53","7, 10, 7, 22, 16, 62",9,13,11,13,7,53,7,10,7,22,16,62,1-3,3-0,11/24/15,Lose,112,No Location Recorded,7:00 PM,H,385,--,"ASSIST  by HUNTER,BRANDY",,,,,,,"ASSIST  by HUNTER,BRANDY",4,assist,,spalding,brandy hunter,,
386,4,spalding,Spalding,Centre,53-62,53,62,"9, 13, 11, 13, 7, 53","7, 10, 7, 22, 16, 62",9,13,11,13,7,53,7,10,7,22,16,62,1-3,3-0,11/24/15,Lose,112,No Location Recorded,7:00 PM,H,386,04:35,,40,,40,"GOOD JUMPER by MOORE,KATIE",CENTRE-W 40-40 (0),,"GOOD JUMPER by MOORE,KATIE",4,jumper,good,Centre,katie moore,2,275
387,4,spalding,Spalding,Centre,53-62,53,62,"9, 13, 11, 13, 7, 53","7, 10, 7, 22, 16, 62",9,13,11,13,7,53,7,10,7,22,16,62,1-3,3-0,11/24/15,Lose,112,No Location Recorded,7:00 PM,H,387,04:12,,,,,"FOUL  by KELLAM,PAIGE",,,"FOUL  by KELLAM,PAIGE",4,foul,,Centre,paige kellam,,252
388,4,spalding,Spalding,Centre,53-62,53,62,"9, 13, 11, 13, 7, 53","7, 10, 7, 22, 16, 62",9,13,11,13,7,53,7,10,7,22,16,62,1-3,3-0,11/24/15,Lose,112,No Location Recorded,7:00 PM,H,388,04:12,,,,,"FOUL  by JUDY,MICHELE",,,"FOUL  by JUDY,MICHELE",4,foul,,Centre,michele judy,,252
389,4,spalding,Spalding,Centre,53-62,53,62,"9, 13, 11, 13, 7, 53","7, 10, 7, 22, 16, 62",9,13,11,13,7,53,7,10,7,22,16,62,1-3,3-0,11/24/15,Lose,112,No Location Recorded,7:00 PM,H,389,04:12,"SUB IN by MARTIN,MADDIE",,,,,,,"SUB IN by MARTIN,MADDIE",4,subbing in,,spalding,maddie martin,,252
390,4,spalding,Spalding,Centre,53-62,53,62,"9, 13, 11, 13, 7, 53","7, 10, 7, 22, 16, 62",9,13,11,13,7,53,7,10,7,22,16,62,1-3,3-0,11/24/15,Lose,112,No Location Recorded,7:00 PM,H,390,04:12,"SUB OUT by HARDIN,MAYA",,,,,,,"SUB OUT by HARDIN,MAYA",4,subbing out,,spalding,maya hardin,,252
391,4,spalding,Spalding,Centre,53-62,53,62,"9, 13, 11, 13, 7, 53","7, 10, 7, 22, 16, 62",9,13,11,13,7,53,7,10,7,22,16,62,1-3,3-0,11/24/15,Lose,112,No Location Recorded,7:00 PM,H,391,04:12,,,,,"SUB IN by JUDY,MICHELE",,,"SUB IN by JUDY,MICHELE",4,subbing in,,Centre,michele judy,,252
392,4,spalding,Spalding,Centre,53-62,53,62,"9, 13, 11, 13, 7, 53","7, 10, 7, 22, 16, 62",9,13,11,13,7,53,7,10,7,22,16,62,1-3,3-0,11/24/15,Lose,112,No Location Recorded,7:00 PM,H,392,04:12,,,,,"SUB IN by GUY,ALEXIS",,,"SUB IN by GUY,ALEXIS",4,subbing in,,Centre,alexis guy,,252
393,4,spalding,Spalding,Centre,53-62,53,62,"9, 13, 11, 13, 7, 53","7, 10, 7, 22, 16, 62",9,13,11,13,7,53,7,10,7,22,16,62,1-3,3-0,11/24/15,Lose,112,No Location Recorded,7:00 PM,H,393,04:12,,,,,"SUB IN by MCKNIGHT,KAITLYN",,,"SUB IN by MCKNIGHT,KAITLYN",4,subbing in,,Centre,kaitlyn mcknight,,252
394,4,spalding,Spalding,Centre,53-62,53,62,"9, 13, 11, 13, 7, 53","7, 10, 7, 22, 16, 62",9,13,11,13,7,53,7,10,7,22,16,62,1-3,3-0,11/24/15,Lose,112,No Location Recorded,7:00 PM,H,394,04:12,,,,,"SUB IN by RHULE,BONNIE",,,"SUB IN by RHULE,BONNIE",4,subbing in,,Centre,bonnie rhule,,252
395,4,spalding,Spalding,Centre,53-62,53,62,"9, 13, 11, 13, 7, 53","7, 10, 7, 22, 16, 62",9,13,11,13,7,53,7,10,7,22,16,62,1-3,3-0,11/24/15,Lose,112,No Location Recorded,7:00 PM,H,395,04:12,,,,,"SUB OUT by VANCE,DAY",,,"SUB OUT by VANCE,DAY",4,subbing out,,Centre,day vance,,252
396,4,spalding,Spalding,Centre,53-62,53,62,"9, 13, 11, 13, 7, 53","7, 10, 7, 22, 16, 62",9,13,11,13,7,53,7,10,7,22,16,62,1-3,3-0,11/24/15,Lose,112,No Location Recorded,7:00 PM,H,396,04:12,,,,,"SUB OUT by RICE,MADISON",,,"SUB OUT by RICE,MADISON",4,subbing out,,Centre,madison rice,,252
397,4,spalding,Spalding,Centre,53-62,53,62,"9, 13, 11, 13, 7, 53","7, 10, 7, 22, 16, 62",9,13,11,13,7,53,7,10,7,22,16,62,1-3,3-0,11/24/15,Lose,112,No Location Recorded,7:00 PM,H,397,04:12,,,,,"SUB OUT by ANDREASSEN,CAROLINE",,,"SUB OUT by ANDREASSEN,CAROLINE",4,subbing out,,Centre,caroline andreassen,,252
398,4,spalding,Spalding,Centre,53-62,53,62,"9, 13, 11, 13, 7, 53","7, 10, 7, 22, 16, 62",9,13,11,13,7,53,7,10,7,22,16,62,1-3,3-0,11/24/15,Lose,112,No Location Recorded,7:00 PM,H,398,04:12,,,,,"SUB OUT by MOORE,KATIE",,,"SUB OUT by MOORE,KATIE",4,subbing out,,Centre,katie moore,,252
399,4,spalding,Spalding,Centre,53-62,53,62,"9, 13, 11, 13, 7, 53","7, 10, 7, 22, 16, 62",9,13,11,13,7,53,7,10,7,22,16,62,1-3,3-0,11/24/15,Lose,112,No Location Recorded,7:00 PM,H,399,04:09,"MISS JUMPER by MARTIN,MADDIE",,,,,,,"MISS JUMPER by MARTIN,MADDIE",4,jumper,missed,spalding,maddie martin,,249
400,4,spalding,Spalding,Centre,53-62,53,62,"9, 13, 11, 13, 7, 53","7, 10, 7, 22, 16, 62",9,13,11,13,7,53,7,10,7,22,16,62,1-3,3-0,11/24/15,Lose,112,No Location Recorded,7:00 PM,H,400,--,"REBOUND OFF by MYERS,MACKENZIE",,,,,,,"REBOUND OFF by MYERS,MACKENZIE",4,offensive rebound,,spalding,mackenzie myers,,
401,4,spalding,Spalding,Centre,53-62,53,62,"9, 13, 11, 13, 7, 53","7, 10, 7, 22, 16, 62",9,13,11,13,7,53,7,10,7,22,16,62,1-3,3-0,11/24/15,Lose,112,No Location Recorded,7:00 PM,H,401,04:03,"GOOD LAYUP by MYERS,MACKENZIE(in the paint)",42 (+2),,40,,SPALDING 42-40 (-2),,"GOOD LAYUP by MYERS,MACKENZIE(in the paint)",4,layup,good,spalding,mackenzie myers,2,243
402,4,spalding,Spalding,Centre,53-62,53,62,"9, 13, 11, 13, 7, 53","7, 10, 7, 22, 16, 62",9,13,11,13,7,53,7,10,7,22,16,62,1-3,3-0,11/24/15,Lose,112,No Location Recorded,7:00 PM,H,402,03:36,,42,,42,"GOOD JUMPER by MCKNIGHT,KAITLYN(in the paint)",CENTRE-W 42-42 (0),,"GOOD JUMPER by MCKNIGHT,KAITLYN(in the paint)",4,jumper,good,Centre,kaitlyn mcknight,2,216
403,4,spalding,Spalding,Centre,53-62,53,62,"9, 13, 11, 13, 7, 53","7, 10, 7, 22, 16, 62",9,13,11,13,7,53,7,10,7,22,16,62,1-3,3-0,11/24/15,Lose,112,No Location Recorded,7:00 PM,H,403,--,,,,,"ASSIST  by RHULE,BONNIE",,,"ASSIST  by RHULE,BONNIE",4,assist,,Centre,bonnie rhule,,
404,4,spalding,Spalding,Centre,53-62,53,62,"9, 13, 11, 13, 7, 53","7, 10, 7, 22, 16, 62",9,13,11,13,7,53,7,10,7,22,16,62,1-3,3-0,11/24/15,Lose,112,No Location Recorded,7:00 PM,H,404,03:18,"MISS 3PTR by MYERS,MACKENZIE",,,,,,,"MISS 3PTR by MYERS,MACKENZIE",4,three pointer,missed,spalding,mackenzie myers,,198
405,4,spalding,Spalding,Centre,53-62,53,62,"9, 13, 11, 13, 7, 53","7, 10, 7, 22, 16, 62",9,13,11,13,7,53,7,10,7,22,16,62,1-3,3-0,11/24/15,Lose,112,No Location Recorded,7:00 PM,H,405,--,,,,,"REBOUND DEF by JUDY,MICHELE",,,"REBOUND DEF by JUDY,MICHELE",4,defensive rebound,,Centre,michele judy,,
406,4,spalding,Spalding,Centre,53-62,53,62,"9, 13, 11, 13, 7, 53","7, 10, 7, 22, 16, 62",9,13,11,13,7,53,7,10,7,22,16,62,1-3,3-0,11/24/15,Lose,112,No Location Recorded,7:00 PM,H,406,03:07,"FOUL  by SLITER,DEE DEE",,,,,,,"FOUL  by SLITER,DEE DEE",4,foul,,spalding,dee dee sliter,,187
407,4,spalding,Spalding,Centre,53-62,53,62,"9, 13, 11, 13, 7, 53","7, 10, 7, 22, 16, 62",9,13,11,13,7,53,7,10,7,22,16,62,1-3,3-0,11/24/15,Lose,112,No Location Recorded,7:00 PM,H,407,03:07,"SUB IN by SKAGGS,JULIE",,,,,,,"SUB IN by SKAGGS,JULIE",4,subbing in,,spalding,julie skaggs,,187
408,4,spalding,Spalding,Centre,53-62,53,62,"9, 13, 11, 13, 7, 53","7, 10, 7, 22, 16, 62",9,13,11,13,7,53,7,10,7,22,16,62,1-3,3-0,11/24/15,Lose,112,No Location Recorded,7:00 PM,H,408,03:07,"SUB IN by HARDIN,MAYA",,,,,,,"SUB IN by HARDIN,MAYA",4,subbing in,,spalding,maya hardin,,187
409,4,spalding,Spalding,Centre,53-62,53,62,"9, 13, 11, 13, 7, 53","7, 10, 7, 22, 16, 62",9,13,11,13,7,53,7,10,7,22,16,62,1-3,3-0,11/24/15,Lose,112,No Location Recorded,7:00 PM,H,409,03:07,"SUB OUT by MYERS,MACKENZIE",,,,,,,"SUB OUT by MYERS,MACKENZIE",4,subbing out,,spalding,mackenzie myers,,187
410,4,spalding,Spalding,Centre,53-62,53,62,"9, 13, 11, 13, 7, 53","7, 10, 7, 22, 16, 62",9,13,11,13,7,53,7,10,7,22,16,62,1-3,3-0,11/24/15,Lose,112,No Location Recorded,7:00 PM,H,410,03:07,"SUB OUT by MARTIN,MADDIE",,,,,,,"SUB OUT by MARTIN,MADDIE",4,subbing out,,spalding,maddie martin,,187
411,4,spalding,Spalding,Centre,53-62,53,62,"9, 13, 11, 13, 7, 53","7, 10, 7, 22, 16, 62",9,13,11,13,7,53,7,10,7,22,16,62,1-3,3-0,11/24/15,Lose,112,No Location Recorded,7:00 PM,H,411,03:07,,,,,"SUB IN by MOORE,KATIE",,,"SUB IN by MOORE,KATIE",4,subbing in,,Centre,katie moore,,187
412,4,spalding,Spalding,Centre,53-62,53,62,"9, 13, 11, 13, 7, 53","7, 10, 7, 22, 16, 62",9,13,11,13,7,53,7,10,7,22,16,62,1-3,3-0,11/24/15,Lose,112,No Location Recorded,7:00 PM,H,412,03:07,,,,,"SUB OUT by KELLAM,PAIGE",,,"SUB OUT by KELLAM,PAIGE",4,subbing out,,Centre,paige kellam,,187
413,4,spalding,Spalding,Centre,53-62,53,62,"9, 13, 11, 13, 7, 53","7, 10, 7, 22, 16, 62",9,13,11,13,7,53,7,10,7,22,16,62,1-3,3-0,11/24/15,Lose,112,No Location Recorded,7:00 PM,H,413,03:06,,,,,"TURNOVER  by RHULE,BONNIE",,,"TURNOVER  by RHULE,BONNIE",4,turnover,,Centre,bonnie rhule,,186
414,4,spalding,Spalding,Centre,53-62,53,62,"9, 13, 11, 13, 7, 53","7, 10, 7, 22, 16, 62",9,13,11,13,7,53,7,10,7,22,16,62,1-3,3-0,11/24/15,Lose,112,No Location Recorded,7:00 PM,H,414,03:05,"STEAL  by HUNTER,BRANDY",,,,,,,"STEAL  by HUNTER,BRANDY",4,steal,,spalding,,,185
415,4,spalding,Spalding,Centre,53-62,53,62,"9, 13, 11, 13, 7, 53","7, 10, 7, 22, 16, 62",9,13,11,13,7,53,7,10,7,22,16,62,1-3,3-0,11/24/15,Lose,112,No Location Recorded,7:00 PM,H,415,02:58,"MISS 3PTR by HARDIN,MAYA",,,,,,,"MISS 3PTR by HARDIN,MAYA",4,three pointer,missed,spalding,maya hardin,,178
416,4,spalding,Spalding,Centre,53-62,53,62,"9, 13, 11, 13, 7, 53","7, 10, 7, 22, 16, 62",9,13,11,13,7,53,7,10,7,22,16,62,1-3,3-0,11/24/15,Lose,112,No Location Recorded,7:00 PM,H,416,--,"REBOUND OFF by HUNTER,BRANDY",,,,,,,"REBOUND OFF by HUNTER,BRANDY",4,offensive rebound,,spalding,brandy hunter,,
417,4,spalding,Spalding,Centre,53-62,53,62,"9, 13, 11, 13, 7, 53","7, 10, 7, 22, 16, 62",9,13,11,13,7,53,7,10,7,22,16,62,1-3,3-0,11/24/15,Lose,112,No Location Recorded,7:00 PM,H,417,02:49,,,,,"FOUL  by JUDY,MICHELE",,,"FOUL  by JUDY,MICHELE",4,foul,,Centre,michele judy,,169
418,4,spalding,Spalding,Centre,53-62,53,62,"9, 13, 11, 13, 7, 53","7, 10, 7, 22, 16, 62",9,13,11,13,7,53,7,10,7,22,16,62,1-3,3-0,11/24/15,Lose,112,No Location Recorded,7:00 PM,H,418,02:49,"MISS FT by MARTIN,ALEX",,,,,,,"MISS FT by MARTIN,ALEX",4,free throw,missed,spalding,alex martin,,169
419,4,spalding,Spalding,Centre,53-62,53,62,"9, 13, 11, 13, 7, 53","7, 10, 7, 22, 16, 62",9,13,11,13,7,53,7,10,7,22,16,62,1-3,3-0,11/24/15,Lose,112,No Location Recorded,7:00 PM,H,419,--,REBOUND DEADB by TEAM,,,,,,,REBOUND DEADB by TEAM,4,deadball rebound,,Centre,,,
420,4,spalding,Spalding,Centre,53-62,53,62,"9, 13, 11, 13, 7, 53","7, 10, 7, 22, 16, 62",9,13,11,13,7,53,7,10,7,22,16,62,1-3,3-0,11/24/15,Lose,112,No Location Recorded,7:00 PM,H,420,02:49,"GOOD FT by MARTIN,ALEX",43 (+1),,42,,SPALDING 43-42 (-1),,"GOOD FT by MARTIN,ALEX",4,free throw,good,spalding,alex martin,1,169
421,4,spalding,Spalding,Centre,53-62,53,62,"9, 13, 11, 13, 7, 53","7, 10, 7, 22, 16, 62",9,13,11,13,7,53,7,10,7,22,16,62,1-3,3-0,11/24/15,Lose,112,No Location Recorded,7:00 PM,H,421,02:49,"SUB IN by MYERS,MACKENZIE",,,,,,,"SUB IN by MYERS,MACKENZIE",4,subbing in,,spalding,mackenzie myers,,169
422,4,spalding,Spalding,Centre,53-62,53,62,"9, 13, 11, 13, 7, 53","7, 10, 7, 22, 16, 62",9,13,11,13,7,53,7,10,7,22,16,62,1-3,3-0,11/24/15,Lose,112,No Location Recorded,7:00 PM,H,422,02:49,"SUB OUT by MARTIN,ALEX",,,,,,,"SUB OUT by MARTIN,ALEX",4,subbing out,,spalding,alex martin,,169
423,4,spalding,Spalding,Centre,53-62,53,62,"9, 13, 11, 13, 7, 53","7, 10, 7, 22, 16, 62",9,13,11,13,7,53,7,10,7,22,16,62,1-3,3-0,11/24/15,Lose,112,No Location Recorded,7:00 PM,H,423,02:49,,,,,"SUB IN by KELLAM,PAIGE",,,"SUB IN by KELLAM,PAIGE",4,subbing in,,Centre,paige kellam,,169
424,4,spalding,Spalding,Centre,53-62,53,62,"9, 13, 11, 13, 7, 53","7, 10, 7, 22, 16, 62",9,13,11,13,7,53,7,10,7,22,16,62,1-3,3-0,11/24/15,Lose,112,No Location Recorded,7:00 PM,H,424,02:49,,,,,"SUB OUT by GUY,ALEXIS",,,"SUB OUT by GUY,ALEXIS",4,subbing out,,Centre,alexis guy,,169
425,4,spalding,Spalding,Centre,53-62,53,62,"9, 13, 11, 13, 7, 53","7, 10, 7, 22, 16, 62",9,13,11,13,7,53,7,10,7,22,16,62,1-3,3-0,11/24/15,Lose,112,No Location Recorded,7:00 PM,H,425,02:27,,43,,44 (+1),"GOOD JUMPER by KELLAM,PAIGE",CENTRE-W 43-44 (+1),,"GOOD JUMPER by KELLAM,PAIGE",4,jumper,good,Centre,paige kellam,2,147
426,4,spalding,Spalding,Centre,53-62,53,62,"9, 13, 11, 13, 7, 53","7, 10, 7, 22, 16, 62",9,13,11,13,7,53,7,10,7,22,16,62,1-3,3-0,11/24/15,Lose,112,No Location Recorded,7:00 PM,H,426,--,,,,,"ASSIST  by RHULE,BONNIE",,,"ASSIST  by RHULE,BONNIE",4,assist,,Centre,bonnie rhule,,
427,4,spalding,Spalding,Centre,53-62,53,62,"9, 13, 11, 13, 7, 53","7, 10, 7, 22, 16, 62",9,13,11,13,7,53,7,10,7,22,16,62,1-3,3-0,11/24/15,Lose,112,No Location Recorded,7:00 PM,H,427,02:12,,,,,"FOUL  by JUDY,MICHELE",,,"FOUL  by JUDY,MICHELE",4,foul,,Centre,michele judy,,132
428,4,spalding,Spalding,Centre,53-62,53,62,"9, 13, 11, 13, 7, 53","7, 10, 7, 22, 16, 62",9,13,11,13,7,53,7,10,7,22,16,62,1-3,3-0,11/24/15,Lose,112,No Location Recorded,7:00 PM,H,428,02:12,"MISS FT by MYERS,MACKENZIE",,,,,,,"MISS FT by MYERS,MACKENZIE",4,free throw,missed,spalding,mackenzie myers,,132
429,4,spalding,Spalding,Centre,53-62,53,62,"9, 13, 11, 13, 7, 53","7, 10, 7, 22, 16, 62",9,13,11,13,7,53,7,10,7,22,16,62,1-3,3-0,11/24/15,Lose,112,No Location Recorded,7:00 PM,H,429,--,REBOUND DEADB by TEAM,,,,,,,REBOUND DEADB by TEAM,4,deadball rebound,,Centre,,,
430,4,spalding,Spalding,Centre,53-62,53,62,"9, 13, 11, 13, 7, 53","7, 10, 7, 22, 16, 62",9,13,11,13,7,53,7,10,7,22,16,62,1-3,3-0,11/24/15,Lose,112,No Location Recorded,7:00 PM,H,430,02:12,"GOOD FT by MYERS,MACKENZIE",44,,44,,SPALDING 44-44 (0),,"GOOD FT by MYERS,MACKENZIE",4,free throw,good,spalding,mackenzie myers,1,132
431,4,spalding,Spalding,Centre,53-62,53,62,"9, 13, 11, 13, 7, 53","7, 10, 7, 22, 16, 62",9,13,11,13,7,53,7,10,7,22,16,62,1-3,3-0,11/24/15,Lose,112,No Location Recorded,7:00 PM,H,431,02:12,"SUB IN by MARTIN,ALEX",,,,,,,"SUB IN by MARTIN,ALEX",4,subbing in,,spalding,alex martin,,132
432,4,spalding,Spalding,Centre,53-62,53,62,"9, 13, 11, 13, 7, 53","7, 10, 7, 22, 16, 62",9,13,11,13,7,53,7,10,7,22,16,62,1-3,3-0,11/24/15,Lose,112,No Location Recorded,7:00 PM,H,432,02:12,"SUB OUT by MYERS,MACKENZIE",,,,,,,"SUB OUT by MYERS,MACKENZIE",4,subbing out,,spalding,mackenzie myers,,132
433,4,spalding,Spalding,Centre,53-62,53,62,"9, 13, 11, 13, 7, 53","7, 10, 7, 22, 16, 62",9,13,11,13,7,53,7,10,7,22,16,62,1-3,3-0,11/24/15,Lose,112,No Location Recorded,7:00 PM,H,433,02:11,"FOUL  by SLITER,DEE DEE",,,,,,,"FOUL  by SLITER,DEE DEE",4,foul,,spalding,dee dee sliter,,131
434,4,spalding,Spalding,Centre,53-62,53,62,"9, 13, 11, 13, 7, 53","7, 10, 7, 22, 16, 62",9,13,11,13,7,53,7,10,7,22,16,62,1-3,3-0,11/24/15,Lose,112,No Location Recorded,7:00 PM,H,434,02:11,,,,,"SUB IN by GUY,ALEXIS",,,"SUB IN by GUY,ALEXIS",4,subbing in,,Centre,alexis guy,,131
435,4,spalding,Spalding,Centre,53-62,53,62,"9, 13, 11, 13, 7, 53","7, 10, 7, 22, 16, 62",9,13,11,13,7,53,7,10,7,22,16,62,1-3,3-0,11/24/15,Lose,112,No Location Recorded,7:00 PM,H,435,02:11,,,,,"SUB OUT by RHULE,BONNIE",,,"SUB OUT by RHULE,BONNIE",4,subbing out,,Centre,bonnie rhule,,131
436,4,spalding,Spalding,Centre,53-62,53,62,"9, 13, 11, 13, 7, 53","7, 10, 7, 22, 16, 62",9,13,11,13,7,53,7,10,7,22,16,62,1-3,3-0,11/24/15,Lose,112,No Location Recorded,7:00 PM,H,436,01:46,,,,,"TURNOVER  by GUY,ALEXIS",,,"TURNOVER  by GUY,ALEXIS",4,turnover,,Centre,alexis guy,,106
437,4,spalding,Spalding,Centre,53-62,53,62,"9, 13, 11, 13, 7, 53","7, 10, 7, 22, 16, 62",9,13,11,13,7,53,7,10,7,22,16,62,1-3,3-0,11/24/15,Lose,112,No Location Recorded,7:00 PM,H,437,01:44,"STEAL  by SLITER,DEE DEE",,,,,,,"STEAL  by SLITER,DEE DEE",4,steal,,spalding,,,104
438,4,spalding,Spalding,Centre,53-62,53,62,"9, 13, 11, 13, 7, 53","7, 10, 7, 22, 16, 62",9,13,11,13,7,53,7,10,7,22,16,62,1-3,3-0,11/24/15,Lose,112,No Location Recorded,7:00 PM,H,438,01:27,"GOOD LAYUP by HARDIN,MAYA(in the paint)",46 (+2),,44,,SPALDING 46-44 (-2),,"GOOD LAYUP by HARDIN,MAYA(in the paint)",4,layup,good,spalding,maya hardin,2,87
439,4,spalding,Spalding,Centre,53-62,53,62,"9, 13, 11, 13, 7, 53","7, 10, 7, 22, 16, 62",9,13,11,13,7,53,7,10,7,22,16,62,1-3,3-0,11/24/15,Lose,112,No Location Recorded,7:00 PM,H,439,--,"ASSIST  by HUNTER,BRANDY",,,,,,,"ASSIST  by HUNTER,BRANDY",4,assist,,spalding,brandy hunter,,
440,4,spalding,Spalding,Centre,53-62,53,62,"9, 13, 11, 13, 7, 53","7, 10, 7, 22, 16, 62",9,13,11,13,7,53,7,10,7,22,16,62,1-3,3-0,11/24/15,Lose,112,No Location Recorded,7:00 PM,H,440,01:14,,,,,"MISS JUMPER by KELLAM,PAIGE",,,"MISS JUMPER by KELLAM,PAIGE",4,jumper,missed,Centre,paige kellam,,74
441,4,spalding,Spalding,Centre,53-62,53,62,"9, 13, 11, 13, 7, 53","7, 10, 7, 22, 16, 62",9,13,11,13,7,53,7,10,7,22,16,62,1-3,3-0,11/24/15,Lose,112,No Location Recorded,7:00 PM,H,441,--,,,,,REBOUND OFF by TEAM,,,REBOUND OFF by TEAM,4,offensive rebound,,Centre,,,
442,4,spalding,Spalding,Centre,53-62,53,62,"9, 13, 11, 13, 7, 53","7, 10, 7, 22, 16, 62",9,13,11,13,7,53,7,10,7,22,16,62,1-3,3-0,11/24/15,Lose,112,No Location Recorded,7:00 PM,H,442,01:12,TIMEOUT 20SEC by TEAM,,,,,,,TIMEOUT 20SEC by TEAM,4,timeout,,Centre,,,72
443,4,spalding,Spalding,Centre,53-62,53,62,"9, 13, 11, 13, 7, 53","7, 10, 7, 22, 16, 62",9,13,11,13,7,53,7,10,7,22,16,62,1-3,3-0,11/24/15,Lose,112,No Location Recorded,7:00 PM,H,443,01:12,"SUB IN by MARTIN,MADDIE",,,,,,,"SUB IN by MARTIN,MADDIE",4,subbing in,,spalding,maddie martin,,72
444,4,spalding,Spalding,Centre,53-62,53,62,"9, 13, 11, 13, 7, 53","7, 10, 7, 22, 16, 62",9,13,11,13,7,53,7,10,7,22,16,62,1-3,3-0,11/24/15,Lose,112,No Location Recorded,7:00 PM,H,444,01:12,"SUB OUT by SKAGGS,JULIE",,,,,,,"SUB OUT by SKAGGS,JULIE",4,subbing out,,spalding,julie skaggs,,72
445,4,spalding,Spalding,Centre,53-62,53,62,"9, 13, 11, 13, 7, 53","7, 10, 7, 22, 16, 62",9,13,11,13,7,53,7,10,7,22,16,62,1-3,3-0,11/24/15,Lose,112,No Location Recorded,7:00 PM,H,445,01:12,,,,,"SUB IN by RHULE,BONNIE",,,"SUB IN by RHULE,BONNIE",4,subbing in,,Centre,bonnie rhule,,72
446,4,spalding,Spalding,Centre,53-62,53,62,"9, 13, 11, 13, 7, 53","7, 10, 7, 22, 16, 62",9,13,11,13,7,53,7,10,7,22,16,62,1-3,3-0,11/24/15,Lose,112,No Location Recorded,7:00 PM,H,446,01:12,,,,,"SUB OUT by KELLAM,PAIGE",,,"SUB OUT by KELLAM,PAIGE",4,subbing out,,Centre,paige kellam,,72
447,4,spalding,Spalding,Centre,53-62,53,62,"9, 13, 11, 13, 7, 53","7, 10, 7, 22, 16, 62",9,13,11,13,7,53,7,10,7,22,16,62,1-3,3-0,11/24/15,Lose,112,No Location Recorded,7:00 PM,H,447,00:57,,,,,"TURNOVER  by MOORE,KATIE",,,"TURNOVER  by MOORE,KATIE",4,turnover,,Centre,katie moore,,57
448,4,spalding,Spalding,Centre,53-62,53,62,"9, 13, 11, 13, 7, 53","7, 10, 7, 22, 16, 62",9,13,11,13,7,53,7,10,7,22,16,62,1-3,3-0,11/24/15,Lose,112,No Location Recorded,7:00 PM,H,448,00:56,"STEAL  by SLITER,DEE DEE",,,,,,,"STEAL  by SLITER,DEE DEE",4,steal,,spalding,,,56
449,4,spalding,Spalding,Centre,53-62,53,62,"9, 13, 11, 13, 7, 53","7, 10, 7, 22, 16, 62",9,13,11,13,7,53,7,10,7,22,16,62,1-3,3-0,11/24/15,Lose,112,No Location Recorded,7:00 PM,H,449,00:48,TIMEOUT 20SEC by TEAM,,,,,,,TIMEOUT 20SEC by TEAM,4,timeout,,Centre,,,48
450,4,spalding,Spalding,Centre,53-62,53,62,"9, 13, 11, 13, 7, 53","7, 10, 7, 22, 16, 62",9,13,11,13,7,53,7,10,7,22,16,62,1-3,3-0,11/24/15,Lose,112,No Location Recorded,7:00 PM,H,450,00:48,"SUB IN by MYERS,MACKENZIE",,,,,,,"SUB IN by MYERS,MACKENZIE",4,subbing in,,spalding,mackenzie myers,,48
451,4,spalding,Spalding,Centre,53-62,53,62,"9, 13, 11, 13, 7, 53","7, 10, 7, 22, 16, 62",9,13,11,13,7,53,7,10,7,22,16,62,1-3,3-0,11/24/15,Lose,112,No Location Recorded,7:00 PM,H,451,00:48,"SUB OUT by MARTIN,MADDIE",,,,,,,"SUB OUT by MARTIN,MADDIE",4,subbing out,,spalding,maddie martin,,48
452,4,spalding,Spalding,Centre,53-62,53,62,"9, 13, 11, 13, 7, 53","7, 10, 7, 22, 16, 62",9,13,11,13,7,53,7,10,7,22,16,62,1-3,3-0,11/24/15,Lose,112,No Location Recorded,7:00 PM,H,452,00:37,"TURNOVER  by MARTIN,ALEX",,,,,,,"TURNOVER  by MARTIN,ALEX",4,turnover,,spalding,alex martin,,37
453,4,spalding,Spalding,Centre,53-62,53,62,"9, 13, 11, 13, 7, 53","7, 10, 7, 22, 16, 62",9,13,11,13,7,53,7,10,7,22,16,62,1-3,3-0,11/24/15,Lose,112,No Location Recorded,7:00 PM,H,453,00:36,,,,,"STEAL  by JUDY,MICHELE",,,"STEAL  by JUDY,MICHELE",4,steal,,Centre,,,36
454,4,spalding,Spalding,Centre,53-62,53,62,"9, 13, 11, 13, 7, 53","7, 10, 7, 22, 16, 62",9,13,11,13,7,53,7,10,7,22,16,62,1-3,3-0,11/24/15,Lose,112,No Location Recorded,7:00 PM,H,454,00:31,,,,,TIMEOUT 30SEC by TEAM,,,TIMEOUT 30SEC by TEAM,4,timeout,,Centre,,,31
455,4,spalding,Spalding,Centre,53-62,53,62,"9, 13, 11, 13, 7, 53","7, 10, 7, 22, 16, 62",9,13,11,13,7,53,7,10,7,22,16,62,1-3,3-0,11/24/15,Lose,112,No Location Recorded,7:00 PM,H,455,00:31,"SUB IN by SKAGGS,JULIE",,,,,,,"SUB IN by SKAGGS,JULIE",4,subbing in,,spalding,julie skaggs,,31
456,4,spalding,Spalding,Centre,53-62,53,62,"9, 13, 11, 13, 7, 53","7, 10, 7, 22, 16, 62",9,13,11,13,7,53,7,10,7,22,16,62,1-3,3-0,11/24/15,Lose,112,No Location Recorded,7:00 PM,H,456,00:31,"SUB OUT by MYERS,MACKENZIE",,,,,,,"SUB OUT by MYERS,MACKENZIE",4,subbing out,,spalding,mackenzie myers,,31
457,4,spalding,Spalding,Centre,53-62,53,62,"9, 13, 11, 13, 7, 53","7, 10, 7, 22, 16, 62",9,13,11,13,7,53,7,10,7,22,16,62,1-3,3-0,11/24/15,Lose,112,No Location Recorded,7:00 PM,H,457,00:31,,,,,"SUB IN by ANDREASSEN,CAROLINE",,,"SUB IN by ANDREASSEN,CAROLINE",4,subbing in,,Centre,caroline andreassen,,31
458,4,spalding,Spalding,Centre,53-62,53,62,"9, 13, 11, 13, 7, 53","7, 10, 7, 22, 16, 62",9,13,11,13,7,53,7,10,7,22,16,62,1-3,3-0,11/24/15,Lose,112,No Location Recorded,7:00 PM,H,458,00:31,,,,,"SUB IN by KELLAM,PAIGE",,,"SUB IN by KELLAM,PAIGE",4,subbing in,,Centre,paige kellam,,31
459,4,spalding,Spalding,Centre,53-62,53,62,"9, 13, 11, 13, 7, 53","7, 10, 7, 22, 16, 62",9,13,11,13,7,53,7,10,7,22,16,62,1-3,3-0,11/24/15,Lose,112,No Location Recorded,7:00 PM,H,459,00:31,,,,,"SUB OUT by MCKNIGHT,KAITLYN",,,"SUB OUT by MCKNIGHT,KAITLYN",4,subbing out,,Centre,kaitlyn mcknight,,31
460,4,spalding,Spalding,Centre,53-62,53,62,"9, 13, 11, 13, 7, 53","7, 10, 7, 22, 16, 62",9,13,11,13,7,53,7,10,7,22,16,62,1-3,3-0,11/24/15,Lose,112,No Location Recorded,7:00 PM,H,460,00:31,,,,,"SUB OUT by RHULE,BONNIE",,,"SUB OUT by RHULE,BONNIE",4,subbing out,,Centre,bonnie rhule,,31
461,4,spalding,Spalding,Centre,53-62,53,62,"9, 13, 11, 13, 7, 53","7, 10, 7, 22, 16, 62",9,13,11,13,7,53,7,10,7,22,16,62,1-3,3-0,11/24/15,Lose,112,No Location Recorded,7:00 PM,H,461,00:09,,46,,46,"GOOD LAYUP by ANDREASSEN,CAROLINE(in the paint)",CENTRE-W 46-46 (0),,"GOOD LAYUP by ANDREASSEN,CAROLINE(in the paint)",4,layup,good,Centre,caroline andreassen,2,9
462,4,spalding,Spalding,Centre,53-62,53,62,"9, 13, 11, 13, 7, 53","7, 10, 7, 22, 16, 62",9,13,11,13,7,53,7,10,7,22,16,62,1-3,3-0,11/24/15,Lose,112,No Location Recorded,7:00 PM,H,462,00:05,TIMEOUT 30SEC by TEAM,,,,,,,TIMEOUT 30SEC by TEAM,4,timeout,,Centre,,,5
463,4,spalding,Spalding,Centre,53-62,53,62,"9, 13, 11, 13, 7, 53","7, 10, 7, 22, 16, 62",9,13,11,13,7,53,7,10,7,22,16,62,1-3,3-0,11/24/15,Lose,112,No Location Recorded,7:00 PM,H,463,00:05,"SUB IN by MYERS,MACKENZIE",,,,,,,"SUB IN by MYERS,MACKENZIE",4,subbing in,,spalding,mackenzie myers,,5
464,4,spalding,Spalding,Centre,53-62,53,62,"9, 13, 11, 13, 7, 53","7, 10, 7, 22, 16, 62",9,13,11,13,7,53,7,10,7,22,16,62,1-3,3-0,11/24/15,Lose,112,No Location Recorded,7:00 PM,H,464,00:05,"SUB OUT by SKAGGS,JULIE",,,,,,,"SUB OUT by SKAGGS,JULIE",4,subbing out,,spalding,julie skaggs,,5
465,4,spalding,Spalding,Centre,53-62,53,62,"9, 13, 11, 13, 7, 53","7, 10, 7, 22, 16, 62",9,13,11,13,7,53,7,10,7,22,16,62,1-3,3-0,11/24/15,Lose,112,No Location Recorded,7:00 PM,H,465,00:05,,,,,"SUB IN by RHULE,BONNIE",,,"SUB IN by RHULE,BONNIE",4,subbing in,,Centre,bonnie rhule,,5
466,4,spalding,Spalding,Centre,53-62,53,62,"9, 13, 11, 13, 7, 53","7, 10, 7, 22, 16, 62",9,13,11,13,7,53,7,10,7,22,16,62,1-3,3-0,11/24/15,Lose,112,No Location Recorded,7:00 PM,H,466,00:05,,,,,"SUB OUT by MOORE,KATIE",,,"SUB OUT by MOORE,KATIE",4,subbing out,,Centre,katie moore,,5
467,4,spalding,Spalding,Centre,53-62,53,62,"9, 13, 11, 13, 7, 53","7, 10, 7, 22, 16, 62",9,13,11,13,7,53,7,10,7,22,16,62,1-3,3-0,11/24/15,Lose,112,No Location Recorded,7:00 PM,H,467,00:03,"MISS 3PTR by MYERS,MACKENZIE",,,,,,,"MISS 3PTR by MYERS,MACKENZIE",4,three pointer,missed,spalding,mackenzie myers,,3
468,4,spalding,Spalding,Centre,53-62,53,62,"9, 13, 11, 13, 7, 53","7, 10, 7, 22, 16, 62",9,13,11,13,7,53,7,10,7,22,16,62,1-3,3-0,11/24/15,Lose,112,No Location Recorded,7:00 PM,H,468,--,"REBOUND OFF by MARTIN,ALEX",,,,,,,"REBOUND OFF by MARTIN,ALEX",4,offensive rebound,,spalding,alex martin,,
469,4,spalding,Spalding,Centre,53-62,53,62,"9, 13, 11, 13, 7, 53","7, 10, 7, 22, 16, 62",9,13,11,13,7,53,7,10,7,22,16,62,1-3,3-0,11/24/15,Lose,112,No Location Recorded,7:00 PM,H,469,Start Period 5,,,,,,,,,5,,,,,,
470,4,spalding,Spalding,Centre,53-62,53,62,"9, 13, 11, 13, 7, 53","7, 10, 7, 22, 16, 62",9,13,11,13,7,53,7,10,7,22,16,62,1-3,3-0,11/24/15,Lose,112,No Location Recorded,7:00 PM,H,470,05:00,"SUB IN by HUNTER,BRANDY",,,,,,,"SUB IN by HUNTER,BRANDY",5,subbing in,,spalding,brandy hunter,,300
471,4,spalding,Spalding,Centre,53-62,53,62,"9, 13, 11, 13, 7, 53","7, 10, 7, 22, 16, 62",9,13,11,13,7,53,7,10,7,22,16,62,1-3,3-0,11/24/15,Lose,112,No Location Recorded,7:00 PM,H,471,05:00,"SUB OUT by SKAGGS,JULIE",,,,,,,"SUB OUT by SKAGGS,JULIE",5,subbing out,,spalding,julie skaggs,,300
472,4,spalding,Spalding,Centre,53-62,53,62,"9, 13, 11, 13, 7, 53","7, 10, 7, 22, 16, 62",9,13,11,13,7,53,7,10,7,22,16,62,1-3,3-0,11/24/15,Lose,112,No Location Recorded,7:00 PM,H,472,05:00,,,,,"SUB IN by ANDREASSEN,CAROLINE",,,"SUB IN by ANDREASSEN,CAROLINE",5,subbing in,,Centre,caroline andreassen,,300
473,4,spalding,Spalding,Centre,53-62,53,62,"9, 13, 11, 13, 7, 53","7, 10, 7, 22, 16, 62",9,13,11,13,7,53,7,10,7,22,16,62,1-3,3-0,11/24/15,Lose,112,No Location Recorded,7:00 PM,H,473,05:00,,,,,"SUB OUT by JUDY,MICHELE",,,"SUB OUT by JUDY,MICHELE",5,subbing out,,Centre,michele judy,,300
474,4,spalding,Spalding,Centre,53-62,53,62,"9, 13, 11, 13, 7, 53","7, 10, 7, 22, 16, 62",9,13,11,13,7,53,7,10,7,22,16,62,1-3,3-0,11/24/15,Lose,112,No Location Recorded,7:00 PM,H,474,04:44,"TURNOVER  by MARTIN,ALEX",,,,,,,"TURNOVER  by MARTIN,ALEX",5,turnover,,spalding,alex martin,,284
475,4,spalding,Spalding,Centre,53-62,53,62,"9, 13, 11, 13, 7, 53","7, 10, 7, 22, 16, 62",9,13,11,13,7,53,7,10,7,22,16,62,1-3,3-0,11/24/15,Lose,112,No Location Recorded,7:00 PM,H,475,04:44,,,,,"TURNOVER  by RHULE,BONNIE",,,"TURNOVER  by RHULE,BONNIE",5,turnover,,Centre,bonnie rhule,,284
476,4,spalding,Spalding,Centre,53-62,53,62,"9, 13, 11, 13, 7, 53","7, 10, 7, 22, 16, 62",9,13,11,13,7,53,7,10,7,22,16,62,1-3,3-0,11/24/15,Lose,112,No Location Recorded,7:00 PM,H,476,04:44,"STEAL  by MYERS,MACKENZIE",,,,,,,"STEAL  by MYERS,MACKENZIE",5,steal,,spalding,,,284
477,4,spalding,Spalding,Centre,53-62,53,62,"9, 13, 11, 13, 7, 53","7, 10, 7, 22, 16, 62",9,13,11,13,7,53,7,10,7,22,16,62,1-3,3-0,11/24/15,Lose,112,No Location Recorded,7:00 PM,H,477,04:44,"MISS JUMPER by MYERS,MACKENZIE",,,,,,,"MISS JUMPER by MYERS,MACKENZIE",5,jumper,missed,spalding,mackenzie myers,,284
478,4,spalding,Spalding,Centre,53-62,53,62,"9, 13, 11, 13, 7, 53","7, 10, 7, 22, 16, 62",9,13,11,13,7,53,7,10,7,22,16,62,1-3,3-0,11/24/15,Lose,112,No Location Recorded,7:00 PM,H,478,--,"REBOUND OFF by HARDIN,MAYA",,,,,,,"REBOUND OFF by HARDIN,MAYA",5,offensive rebound,,spalding,maya hardin,,
479,4,spalding,Spalding,Centre,53-62,53,62,"9, 13, 11, 13, 7, 53","7, 10, 7, 22, 16, 62",9,13,11,13,7,53,7,10,7,22,16,62,1-3,3-0,11/24/15,Lose,112,No Location Recorded,7:00 PM,H,479,04:44,"MISS JUMPER by HARDIN,MAYA",,,,,,,"MISS JUMPER by HARDIN,MAYA",5,jumper,missed,spalding,maya hardin,,284
480,4,spalding,Spalding,Centre,53-62,53,62,"9, 13, 11, 13, 7, 53","7, 10, 7, 22, 16, 62",9,13,11,13,7,53,7,10,7,22,16,62,1-3,3-0,11/24/15,Lose,112,No Location Recorded,7:00 PM,H,480,--,REBOUND OFF by TEAM,,,,,,,REBOUND OFF by TEAM,5,offensive rebound,,Centre,,,
481,4,spalding,Spalding,Centre,53-62,53,62,"9, 13, 11, 13, 7, 53","7, 10, 7, 22, 16, 62",9,13,11,13,7,53,7,10,7,22,16,62,1-3,3-0,11/24/15,Lose,112,No Location Recorded,7:00 PM,H,481,04:36,,,,,"SUB IN by JUDY,MICHELE",,,"SUB IN by JUDY,MICHELE",5,subbing in,,Centre,michele judy,,276
482,4,spalding,Spalding,Centre,53-62,53,62,"9, 13, 11, 13, 7, 53","7, 10, 7, 22, 16, 62",9,13,11,13,7,53,7,10,7,22,16,62,1-3,3-0,11/24/15,Lose,112,No Location Recorded,7:00 PM,H,482,04:36,,,,,"SUB OUT by RHULE,BONNIE",,,"SUB OUT by RHULE,BONNIE",5,subbing out,,Centre,bonnie rhule,,276
483,4,spalding,Spalding,Centre,53-62,53,62,"9, 13, 11, 13, 7, 53","7, 10, 7, 22, 16, 62",9,13,11,13,7,53,7,10,7,22,16,62,1-3,3-0,11/24/15,Lose,112,No Location Recorded,7:00 PM,H,483,03:56,,,,,"FOUL  by ANDREASSEN,CAROLINE",,,"FOUL  by ANDREASSEN,CAROLINE",5,foul,,Centre,caroline andreassen,,236
484,4,spalding,Spalding,Centre,53-62,53,62,"9, 13, 11, 13, 7, 53","7, 10, 7, 22, 16, 62",9,13,11,13,7,53,7,10,7,22,16,62,1-3,3-0,11/24/15,Lose,112,No Location Recorded,7:00 PM,H,484,03:56,"GOOD FT by SLITER,DEE DEE",47 (+1),,46,,SPALDING 47-46 (-1),,"GOOD FT by SLITER,DEE DEE",5,free throw,good,spalding,dee dee sliter,1,236
485,4,spalding,Spalding,Centre,53-62,53,62,"9, 13, 11, 13, 7, 53","7, 10, 7, 22, 16, 62",9,13,11,13,7,53,7,10,7,22,16,62,1-3,3-0,11/24/15,Lose,112,No Location Recorded,7:00 PM,H,485,03:56,"GOOD FT by SLITER,DEE DEE",48 (+2),,46,,SPALDING 48-46 (-2),,"GOOD FT by SLITER,DEE DEE",5,free throw,good,spalding,dee dee sliter,1,236
486,4,spalding,Spalding,Centre,53-62,53,62,"9, 13, 11, 13, 7, 53","7, 10, 7, 22, 16, 62",9,13,11,13,7,53,7,10,7,22,16,62,1-3,3-0,11/24/15,Lose,112,No Location Recorded,7:00 PM,H,486,03:56,"SUB IN by SKAGGS,JULIE",,,,,,,"SUB IN by SKAGGS,JULIE",5,subbing in,,spalding,julie skaggs,,236
487,4,spalding,Spalding,Centre,53-62,53,62,"9, 13, 11, 13, 7, 53","7, 10, 7, 22, 16, 62",9,13,11,13,7,53,7,10,7,22,16,62,1-3,3-0,11/24/15,Lose,112,No Location Recorded,7:00 PM,H,487,03:56,"SUB OUT by MYERS,MACKENZIE",,,,,,,"SUB OUT by MYERS,MACKENZIE",5,subbing out,,spalding,mackenzie myers,,236
488,4,spalding,Spalding,Centre,53-62,53,62,"9, 13, 11, 13, 7, 53","7, 10, 7, 22, 16, 62",9,13,11,13,7,53,7,10,7,22,16,62,1-3,3-0,11/24/15,Lose,112,No Location Recorded,7:00 PM,H,488,03:38,"FOUL  by HARDIN,MAYA",,,,,,,"FOUL  by HARDIN,MAYA",5,foul,,spalding,maya hardin,,218
489,4,spalding,Spalding,Centre,53-62,53,62,"9, 13, 11, 13, 7, 53","7, 10, 7, 22, 16, 62",9,13,11,13,7,53,7,10,7,22,16,62,1-3,3-0,11/24/15,Lose,112,No Location Recorded,7:00 PM,H,489,03:30,,48,,49 (+1),"GOOD 3PTR by MOORE,KATIE",CENTRE-W 48-49 (+1),,"GOOD 3PTR by MOORE,KATIE",5,three pointer,good,Centre,katie moore,3,210
490,4,spalding,Spalding,Centre,53-62,53,62,"9, 13, 11, 13, 7, 53","7, 10, 7, 22, 16, 62",9,13,11,13,7,53,7,10,7,22,16,62,1-3,3-0,11/24/15,Lose,112,No Location Recorded,7:00 PM,H,490,03:16,,,,,"FOUL  by MCKNIGHT,KAITLYN",,,"FOUL  by MCKNIGHT,KAITLYN",5,foul,,Centre,kaitlyn mcknight,,196
491,4,spalding,Spalding,Centre,53-62,53,62,"9, 13, 11, 13, 7, 53","7, 10, 7, 22, 16, 62",9,13,11,13,7,53,7,10,7,22,16,62,1-3,3-0,11/24/15,Lose,112,No Location Recorded,7:00 PM,H,491,03:16,"MISS FT by HARDIN,MAYA",,,,,,,"MISS FT by HARDIN,MAYA",5,free throw,missed,spalding,maya hardin,,196
492,4,spalding,Spalding,Centre,53-62,53,62,"9, 13, 11, 13, 7, 53","7, 10, 7, 22, 16, 62",9,13,11,13,7,53,7,10,7,22,16,62,1-3,3-0,11/24/15,Lose,112,No Location Recorded,7:00 PM,H,492,--,REBOUND DEADB by TEAM,,,,,,,REBOUND DEADB by TEAM,5,deadball rebound,,Centre,,,
493,4,spalding,Spalding,Centre,53-62,53,62,"9, 13, 11, 13, 7, 53","7, 10, 7, 22, 16, 62",9,13,11,13,7,53,7,10,7,22,16,62,1-3,3-0,11/24/15,Lose,112,No Location Recorded,7:00 PM,H,493,03:16,"GOOD FT by HARDIN,MAYA",49,,49,,SPALDING 49-49 (0),,"GOOD FT by HARDIN,MAYA",5,free throw,good,spalding,maya hardin,1,196
494,4,spalding,Spalding,Centre,53-62,53,62,"9, 13, 11, 13, 7, 53","7, 10, 7, 22, 16, 62",9,13,11,13,7,53,7,10,7,22,16,62,1-3,3-0,11/24/15,Lose,112,No Location Recorded,7:00 PM,H,494,03:16,,,,,"SUB IN by KELLAM,PAIGE",,,"SUB IN by KELLAM,PAIGE",5,subbing in,,Centre,paige kellam,,196
495,4,spalding,Spalding,Centre,53-62,53,62,"9, 13, 11, 13, 7, 53","7, 10, 7, 22, 16, 62",9,13,11,13,7,53,7,10,7,22,16,62,1-3,3-0,11/24/15,Lose,112,No Location Recorded,7:00 PM,H,495,03:16,,,,,"SUB OUT by MCKNIGHT,KAITLYN",,,"SUB OUT by MCKNIGHT,KAITLYN",5,subbing out,,Centre,kaitlyn mcknight,,196
496,4,spalding,Spalding,Centre,53-62,53,62,"9, 13, 11, 13, 7, 53","7, 10, 7, 22, 16, 62",9,13,11,13,7,53,7,10,7,22,16,62,1-3,3-0,11/24/15,Lose,112,No Location Recorded,7:00 PM,H,496,03:09,,,,,"TURNOVER  by KELLAM,PAIGE",,,"TURNOVER  by KELLAM,PAIGE",5,turnover,,Centre,paige kellam,,189
497,4,spalding,Spalding,Centre,53-62,53,62,"9, 13, 11, 13, 7, 53","7, 10, 7, 22, 16, 62",9,13,11,13,7,53,7,10,7,22,16,62,1-3,3-0,11/24/15,Lose,112,No Location Recorded,7:00 PM,H,497,03:09,"SUB IN by MYERS,MACKENZIE",,,,,,,"SUB IN by MYERS,MACKENZIE",5,subbing in,,spalding,mackenzie myers,,189
498,4,spalding,Spalding,Centre,53-62,53,62,"9, 13, 11, 13, 7, 53","7, 10, 7, 22, 16, 62",9,13,11,13,7,53,7,10,7,22,16,62,1-3,3-0,11/24/15,Lose,112,No Location Recorded,7:00 PM,H,498,03:09,"SUB OUT by SKAGGS,JULIE",,,,,,,"SUB OUT by SKAGGS,JULIE",5,subbing out,,spalding,julie skaggs,,189
499,4,spalding,Spalding,Centre,53-62,53,62,"9, 13, 11, 13, 7, 53","7, 10, 7, 22, 16, 62",9,13,11,13,7,53,7,10,7,22,16,62,1-3,3-0,11/24/15,Lose,112,No Location Recorded,7:00 PM,H,499,02:59,"GOOD 3PTR by MARTIN,ALEX",52 (+3),,49,,SPALDING 52-49 (-3),,"GOOD 3PTR by MARTIN,ALEX",5,three pointer,good,spalding,alex martin,3,179
500,4,spalding,Spalding,Centre,53-62,53,62,"9, 13, 11, 13, 7, 53","7, 10, 7, 22, 16, 62",9,13,11,13,7,53,7,10,7,22,16,62,1-3,3-0,11/24/15,Lose,112,No Location Recorded,7:00 PM,H,500,--,"ASSIST  by SLITER,DEE DEE",,,,,,,"ASSIST  by SLITER,DEE DEE",5,assist,,spalding,dee dee sliter,,
501,4,spalding,Spalding,Centre,53-62,53,62,"9, 13, 11, 13, 7, 53","7, 10, 7, 22, 16, 62",9,13,11,13,7,53,7,10,7,22,16,62,1-3,3-0,11/24/15,Lose,112,No Location Recorded,7:00 PM,H,501,02:39,,,,,"MISS JUMPER by JUDY,MICHELE",,,"MISS JUMPER by JUDY,MICHELE",5,jumper,missed,Centre,michele judy,,159
502,4,spalding,Spalding,Centre,53-62,53,62,"9, 13, 11, 13, 7, 53","7, 10, 7, 22, 16, 62",9,13,11,13,7,53,7,10,7,22,16,62,1-3,3-0,11/24/15,Lose,112,No Location Recorded,7:00 PM,H,502,--,"REBOUND DEF by HARDIN,MAYA",,,,,,,"REBOUND DEF by HARDIN,MAYA",5,defensive rebound,,spalding,maya hardin,,
503,4,spalding,Spalding,Centre,53-62,53,62,"9, 13, 11, 13, 7, 53","7, 10, 7, 22, 16, 62",9,13,11,13,7,53,7,10,7,22,16,62,1-3,3-0,11/24/15,Lose,112,No Location Recorded,7:00 PM,H,503,02:36,,,,,"FOUL  by KELLAM,PAIGE",,,"FOUL  by KELLAM,PAIGE",5,foul,,Centre,paige kellam,,156
504,4,spalding,Spalding,Centre,53-62,53,62,"9, 13, 11, 13, 7, 53","7, 10, 7, 22, 16, 62",9,13,11,13,7,53,7,10,7,22,16,62,1-3,3-0,11/24/15,Lose,112,No Location Recorded,7:00 PM,H,504,02:36,"GOOD FT by HARDIN,MAYA",53 (+4),,49,,SPALDING 53-49 (-4),,"GOOD FT by HARDIN,MAYA",5,free throw,good,spalding,maya hardin,1,156
505,4,spalding,Spalding,Centre,53-62,53,62,"9, 13, 11, 13, 7, 53","7, 10, 7, 22, 16, 62",9,13,11,13,7,53,7,10,7,22,16,62,1-3,3-0,11/24/15,Lose,112,No Location Recorded,7:00 PM,H,505,02:36,"GOOD FT by HARDIN,MAYA",54 (+5),,49,,SPALDING 54-49 (-5),,"GOOD FT by HARDIN,MAYA",5,free throw,good,spalding,maya hardin,1,156
506,4,spalding,Spalding,Centre,53-62,53,62,"9, 13, 11, 13, 7, 53","7, 10, 7, 22, 16, 62",9,13,11,13,7,53,7,10,7,22,16,62,1-3,3-0,11/24/15,Lose,112,No Location Recorded,7:00 PM,H,506,02:36,"SUB IN by SKAGGS,JULIE",,,,,,,"SUB IN by SKAGGS,JULIE",5,subbing in,,spalding,julie skaggs,,156
507,4,spalding,Spalding,Centre,53-62,53,62,"9, 13, 11, 13, 7, 53","7, 10, 7, 22, 16, 62",9,13,11,13,7,53,7,10,7,22,16,62,1-3,3-0,11/24/15,Lose,112,No Location Recorded,7:00 PM,H,507,02:36,"SUB OUT by HARDIN,MAYA",,,,,,,"SUB OUT by HARDIN,MAYA",5,subbing out,,spalding,maya hardin,,156
508,4,spalding,Spalding,Centre,53-62,53,62,"9, 13, 11, 13, 7, 53","7, 10, 7, 22, 16, 62",9,13,11,13,7,53,7,10,7,22,16,62,1-3,3-0,11/24/15,Lose,112,No Location Recorded,7:00 PM,H,508,02:36,,,,,"SUB IN by VANCE,DAY",,,"SUB IN by VANCE,DAY",5,subbing in,,Centre,day vance,,156
509,4,spalding,Spalding,Centre,53-62,53,62,"9, 13, 11, 13, 7, 53","7, 10, 7, 22, 16, 62",9,13,11,13,7,53,7,10,7,22,16,62,1-3,3-0,11/24/15,Lose,112,No Location Recorded,7:00 PM,H,509,02:36,,,,,"SUB OUT by ANDREASSEN,CAROLINE",,,"SUB OUT by ANDREASSEN,CAROLINE",5,subbing out,,Centre,caroline andreassen,,156
510,4,spalding,Spalding,Centre,53-62,53,62,"9, 13, 11, 13, 7, 53","7, 10, 7, 22, 16, 62",9,13,11,13,7,53,7,10,7,22,16,62,1-3,3-0,11/24/15,Lose,112,No Location Recorded,7:00 PM,H,510,02:30,"FOUL  by HUNTER,BRANDY",,,,,,,"FOUL  by HUNTER,BRANDY",5,foul,,spalding,brandy hunter,,150
511,4,spalding,Spalding,Centre,53-62,53,62,"9, 13, 11, 13, 7, 53","7, 10, 7, 22, 16, 62",9,13,11,13,7,53,7,10,7,22,16,62,1-3,3-0,11/24/15,Lose,112,No Location Recorded,7:00 PM,H,511,02:19,"FOUL  by SLITER,DEE DEE",,,,,,,"FOUL  by SLITER,DEE DEE",5,foul,,spalding,dee dee sliter,,139
512,4,spalding,Spalding,Centre,53-62,53,62,"9, 13, 11, 13, 7, 53","7, 10, 7, 22, 16, 62",9,13,11,13,7,53,7,10,7,22,16,62,1-3,3-0,11/24/15,Lose,112,No Location Recorded,7:00 PM,H,512,02:19,,,,,"MISS FT by KELLAM,PAIGE",,,"MISS FT by KELLAM,PAIGE",5,free throw,missed,Centre,paige kellam,,139
513,4,spalding,Spalding,Centre,53-62,53,62,"9, 13, 11, 13, 7, 53","7, 10, 7, 22, 16, 62",9,13,11,13,7,53,7,10,7,22,16,62,1-3,3-0,11/24/15,Lose,112,No Location Recorded,7:00 PM,H,513,--,,,,,REBOUND DEADB by TEAM,,,REBOUND DEADB by TEAM,5,deadball rebound,,Centre,,,
514,4,spalding,Spalding,Centre,53-62,53,62,"9, 13, 11, 13, 7, 53","7, 10, 7, 22, 16, 62",9,13,11,13,7,53,7,10,7,22,16,62,1-3,3-0,11/24/15,Lose,112,No Location Recorded,7:00 PM,H,514,02:19,,54 (+4),,50,"GOOD FT by KELLAM,PAIGE",CENTRE-W 54-50 (-4),,"GOOD FT by KELLAM,PAIGE",5,free throw,good,Centre,paige kellam,1,139
515,4,spalding,Spalding,Centre,53-62,53,62,"9, 13, 11, 13, 7, 53","7, 10, 7, 22, 16, 62",9,13,11,13,7,53,7,10,7,22,16,62,1-3,3-0,11/24/15,Lose,112,No Location Recorded,7:00 PM,H,515,02:19,"SUB IN by HARDIN,MAYA",,,,,,,"SUB IN by HARDIN,MAYA",5,subbing in,,spalding,maya hardin,,139
516,4,spalding,Spalding,Centre,53-62,53,62,"9, 13, 11, 13, 7, 53","7, 10, 7, 22, 16, 62",9,13,11,13,7,53,7,10,7,22,16,62,1-3,3-0,11/24/15,Lose,112,No Location Recorded,7:00 PM,H,516,02:19,"SUB OUT by SKAGGS,JULIE",,,,,,,"SUB OUT by SKAGGS,JULIE",5,subbing out,,spalding,julie skaggs,,139
517,4,spalding,Spalding,Centre,53-62,53,62,"9, 13, 11, 13, 7, 53","7, 10, 7, 22, 16, 62",9,13,11,13,7,53,7,10,7,22,16,62,1-3,3-0,11/24/15,Lose,112,No Location Recorded,7:00 PM,H,517,02:19,,,,,"SUB IN by ANDREASSEN,CAROLINE",,,"SUB IN by ANDREASSEN,CAROLINE",5,subbing in,,Centre,caroline andreassen,,139
518,4,spalding,Spalding,Centre,53-62,53,62,"9, 13, 11, 13, 7, 53","7, 10, 7, 22, 16, 62",9,13,11,13,7,53,7,10,7,22,16,62,1-3,3-0,11/24/15,Lose,112,No Location Recorded,7:00 PM,H,518,02:19,,,,,"SUB OUT by KELLAM,PAIGE",,,"SUB OUT by KELLAM,PAIGE",5,subbing out,,Centre,paige kellam,,139
519,4,spalding,Spalding,Centre,53-62,53,62,"9, 13, 11, 13, 7, 53","7, 10, 7, 22, 16, 62",9,13,11,13,7,53,7,10,7,22,16,62,1-3,3-0,11/24/15,Lose,112,No Location Recorded,7:00 PM,H,519,02:05,"GOOD LAYUP by MARTIN,ALEX(in the paint)",56 (+6),,50,,SPALDING 56-50 (-6),,"GOOD LAYUP by MARTIN,ALEX(in the paint)",5,layup,good,spalding,alex martin,2,125
520,4,spalding,Spalding,Centre,53-62,53,62,"9, 13, 11, 13, 7, 53","7, 10, 7, 22, 16, 62",9,13,11,13,7,53,7,10,7,22,16,62,1-3,3-0,11/24/15,Lose,112,No Location Recorded,7:00 PM,H,520,01:55,"FOUL  by HARDIN,MAYA",,,,,,,"FOUL  by HARDIN,MAYA",5,foul,,spalding,maya hardin,,115
521,4,spalding,Spalding,Centre,53-62,53,62,"9, 13, 11, 13, 7, 53","7, 10, 7, 22, 16, 62",9,13,11,13,7,53,7,10,7,22,16,62,1-3,3-0,11/24/15,Lose,112,No Location Recorded,7:00 PM,H,521,01:55,,,,,"MISS FT by MOORE,KATIE",,,"MISS FT by MOORE,KATIE",5,free throw,missed,Centre,katie moore,,115
522,4,spalding,Spalding,Centre,53-62,53,62,"9, 13, 11, 13, 7, 53","7, 10, 7, 22, 16, 62",9,13,11,13,7,53,7,10,7,22,16,62,1-3,3-0,11/24/15,Lose,112,No Location Recorded,7:00 PM,H,522,--,,,,,REBOUND DEADB by TEAM,,,REBOUND DEADB by TEAM,5,deadball rebound,,Centre,,,
523,4,spalding,Spalding,Centre,53-62,53,62,"9, 13, 11, 13, 7, 53","7, 10, 7, 22, 16, 62",9,13,11,13,7,53,7,10,7,22,16,62,1-3,3-0,11/24/15,Lose,112,No Location Recorded,7:00 PM,H,523,01:55,,56 (+5),,51,"GOOD FT by MOORE,KATIE",CENTRE-W 56-51 (-5),,"GOOD FT by MOORE,KATIE",5,free throw,good,Centre,katie moore,1,115
524,4,spalding,Spalding,Centre,53-62,53,62,"9, 13, 11, 13, 7, 53","7, 10, 7, 22, 16, 62",9,13,11,13,7,53,7,10,7,22,16,62,1-3,3-0,11/24/15,Lose,112,No Location Recorded,7:00 PM,H,524,01:37,"MISS JUMPER by MARTIN,ALEX",,,,,,,"MISS JUMPER by MARTIN,ALEX",5,jumper,missed,spalding,alex martin,,97
525,4,spalding,Spalding,Centre,53-62,53,62,"9, 13, 11, 13, 7, 53","7, 10, 7, 22, 16, 62",9,13,11,13,7,53,7,10,7,22,16,62,1-3,3-0,11/24/15,Lose,112,No Location Recorded,7:00 PM,H,525,--,"REBOUND OFF by MARTIN,ALEX",,,,,,,"REBOUND OFF by MARTIN,ALEX",5,offensive rebound,,spalding,alex martin,,
526,4,spalding,Spalding,Centre,53-62,53,62,"9, 13, 11, 13, 7, 53","7, 10, 7, 22, 16, 62",9,13,11,13,7,53,7,10,7,22,16,62,1-3,3-0,11/24/15,Lose,112,No Location Recorded,7:00 PM,H,526,01:35,,,,,"FOUL  by GUY,ALEXIS",,,"FOUL  by GUY,ALEXIS",5,foul,,Centre,alexis guy,,95
527,4,spalding,Spalding,Centre,53-62,53,62,"9, 13, 11, 13, 7, 53","7, 10, 7, 22, 16, 62",9,13,11,13,7,53,7,10,7,22,16,62,1-3,3-0,11/24/15,Lose,112,No Location Recorded,7:00 PM,H,527,01:35,"GOOD FT by MARTIN,ALEX",57 (+6),,51,,SPALDING 57-51 (-6),,"GOOD FT by MARTIN,ALEX",5,free throw,good,spalding,alex martin,1,95
528,4,spalding,Spalding,Centre,53-62,53,62,"9, 13, 11, 13, 7, 53","7, 10, 7, 22, 16, 62",9,13,11,13,7,53,7,10,7,22,16,62,1-3,3-0,11/24/15,Lose,112,No Location Recorded,7:00 PM,H,528,01:35,"MISS FT by MARTIN,ALEX",,,,,,,"MISS FT by MARTIN,ALEX",5,free throw,missed,spalding,alex martin,,95
529,4,spalding,Spalding,Centre,53-62,53,62,"9, 13, 11, 13, 7, 53","7, 10, 7, 22, 16, 62",9,13,11,13,7,53,7,10,7,22,16,62,1-3,3-0,11/24/15,Lose,112,No Location Recorded,7:00 PM,H,529,--,"REBOUND OFF by HARDIN,MAYA",,,,,,,"REBOUND OFF by HARDIN,MAYA",5,offensive rebound,,spalding,maya hardin,,
530,4,spalding,Spalding,Centre,53-62,53,62,"9, 13, 11, 13, 7, 53","7, 10, 7, 22, 16, 62",9,13,11,13,7,53,7,10,7,22,16,62,1-3,3-0,11/24/15,Lose,112,No Location Recorded,7:00 PM,H,530,01:35,"SUB IN by SKAGGS,JULIE",,,,,,,"SUB IN by SKAGGS,JULIE",5,subbing in,,spalding,julie skaggs,,95
531,4,spalding,Spalding,Centre,53-62,53,62,"9, 13, 11, 13, 7, 53","7, 10, 7, 22, 16, 62",9,13,11,13,7,53,7,10,7,22,16,62,1-3,3-0,11/24/15,Lose,112,No Location Recorded,7:00 PM,H,531,01:35,"SUB OUT by MYERS,MACKENZIE",,,,,,,"SUB OUT by MYERS,MACKENZIE",5,subbing out,,spalding,mackenzie myers,,95
532,4,spalding,Spalding,Centre,53-62,53,62,"9, 13, 11, 13, 7, 53","7, 10, 7, 22, 16, 62",9,13,11,13,7,53,7,10,7,22,16,62,1-3,3-0,11/24/15,Lose,112,No Location Recorded,7:00 PM,H,532,01:35,,,,,"SUB IN by KELLAM,PAIGE",,,"SUB IN by KELLAM,PAIGE",5,subbing in,,Centre,paige kellam,,95
533,4,spalding,Spalding,Centre,53-62,53,62,"9, 13, 11, 13, 7, 53","7, 10, 7, 22, 16, 62",9,13,11,13,7,53,7,10,7,22,16,62,1-3,3-0,11/24/15,Lose,112,No Location Recorded,7:00 PM,H,533,01:35,,,,,"SUB OUT by ANDREASSEN,CAROLINE",,,"SUB OUT by ANDREASSEN,CAROLINE",5,subbing out,,Centre,caroline andreassen,,95
534,4,spalding,Spalding,Centre,53-62,53,62,"9, 13, 11, 13, 7, 53","7, 10, 7, 22, 16, 62",9,13,11,13,7,53,7,10,7,22,16,62,1-3,3-0,11/24/15,Lose,112,No Location Recorded,7:00 PM,H,534,01:13,,,,,"FOUL  by MOORE,KATIE",,,"FOUL  by MOORE,KATIE",5,foul,,Centre,katie moore,,73
535,4,spalding,Spalding,Centre,53-62,53,62,"9, 13, 11, 13, 7, 53","7, 10, 7, 22, 16, 62",9,13,11,13,7,53,7,10,7,22,16,62,1-3,3-0,11/24/15,Lose,112,No Location Recorded,7:00 PM,H,535,01:13,"GOOD FT by SLITER,DEE DEE",58 (+7),,51,,SPALDING 58-51 (-7),,"GOOD FT by SLITER,DEE DEE",5,free throw,good,spalding,dee dee sliter,1,73
536,4,spalding,Spalding,Centre,53-62,53,62,"9, 13, 11, 13, 7, 53","7, 10, 7, 22, 16, 62",9,13,11,13,7,53,7,10,7,22,16,62,1-3,3-0,11/24/15,Lose,112,No Location Recorded,7:00 PM,H,536,01:13,"GOOD FT by SLITER,DEE DEE",59 (+8),,51,,SPALDING 59-51 (-8),,"GOOD FT by SLITER,DEE DEE",5,free throw,good,spalding,dee dee sliter,1,73
537,4,spalding,Spalding,Centre,53-62,53,62,"9, 13, 11, 13, 7, 53","7, 10, 7, 22, 16, 62",9,13,11,13,7,53,7,10,7,22,16,62,1-3,3-0,11/24/15,Lose,112,No Location Recorded,7:00 PM,H,537,01:02,,,,,"MISS JUMPER by VANCE,DAY",,,"MISS JUMPER by VANCE,DAY",5,jumper,missed,Centre,day vance,,62
538,4,spalding,Spalding,Centre,53-62,53,62,"9, 13, 11, 13, 7, 53","7, 10, 7, 22, 16, 62",9,13,11,13,7,53,7,10,7,22,16,62,1-3,3-0,11/24/15,Lose,112,No Location Recorded,7:00 PM,H,538,--,"REBOUND DEF by HARDIN,MAYA",,,,,,,"REBOUND DEF by HARDIN,MAYA",5,defensive rebound,,spalding,maya hardin,,
539,4,spalding,Spalding,Centre,53-62,53,62,"9, 13, 11, 13, 7, 53","7, 10, 7, 22, 16, 62",9,13,11,13,7,53,7,10,7,22,16,62,1-3,3-0,11/24/15,Lose,112,No Location Recorded,7:00 PM,H,539,00:54,"TURNOVER  by HARDIN,MAYA",,,,,,,"TURNOVER  by HARDIN,MAYA",5,turnover,,spalding,maya hardin,,54
540,4,spalding,Spalding,Centre,53-62,53,62,"9, 13, 11, 13, 7, 53","7, 10, 7, 22, 16, 62",9,13,11,13,7,53,7,10,7,22,16,62,1-3,3-0,11/24/15,Lose,112,No Location Recorded,7:00 PM,H,540,00:54,"FOUL  by HARDIN,MAYA",,,,,,,"FOUL  by HARDIN,MAYA",5,foul,,spalding,maya hardin,,54
541,4,spalding,Spalding,Centre,53-62,53,62,"9, 13, 11, 13, 7, 53","7, 10, 7, 22, 16, 62",9,13,11,13,7,53,7,10,7,22,16,62,1-3,3-0,11/24/15,Lose,112,No Location Recorded,7:00 PM,H,541,00:54,,,,,"SUB IN by ANDREASSEN,CAROLINE",,,"SUB IN by ANDREASSEN,CAROLINE",5,subbing in,,Centre,caroline andreassen,,54
542,4,spalding,Spalding,Centre,53-62,53,62,"9, 13, 11, 13, 7, 53","7, 10, 7, 22, 16, 62",9,13,11,13,7,53,7,10,7,22,16,62,1-3,3-0,11/24/15,Lose,112,No Location Recorded,7:00 PM,H,542,00:54,,,,,"SUB OUT by VANCE,DAY",,,"SUB OUT by VANCE,DAY",5,subbing out,,Centre,day vance,,54
543,4,spalding,Spalding,Centre,53-62,53,62,"9, 13, 11, 13, 7, 53","7, 10, 7, 22, 16, 62",9,13,11,13,7,53,7,10,7,22,16,62,1-3,3-0,11/24/15,Lose,112,No Location Recorded,7:00 PM,H,543,00:44,,,,,"MISS 3PTR by ANDREASSEN,CAROLINE",,,"MISS 3PTR by ANDREASSEN,CAROLINE",5,three pointer,missed,Centre,caroline andreassen,,44
544,4,spalding,Spalding,Centre,53-62,53,62,"9, 13, 11, 13, 7, 53","7, 10, 7, 22, 16, 62",9,13,11,13,7,53,7,10,7,22,16,62,1-3,3-0,11/24/15,Lose,112,No Location Recorded,7:00 PM,H,544,--,,,,,"REBOUND OFF by GUY,ALEXIS",,,"REBOUND OFF by GUY,ALEXIS",5,offensive rebound,,Centre,alexis guy,,
545,4,spalding,Spalding,Centre,53-62,53,62,"9, 13, 11, 13, 7, 53","7, 10, 7, 22, 16, 62",9,13,11,13,7,53,7,10,7,22,16,62,1-3,3-0,11/24/15,Lose,112,No Location Recorded,7:00 PM,H,545,00:40,"FOUL  by HUNTER,BRANDY",,,,,,,"FOUL  by HUNTER,BRANDY",5,foul,,spalding,brandy hunter,,40
546,4,spalding,Spalding,Centre,53-62,53,62,"9, 13, 11, 13, 7, 53","7, 10, 7, 22, 16, 62",9,13,11,13,7,53,7,10,7,22,16,62,1-3,3-0,11/24/15,Lose,112,No Location Recorded,7:00 PM,H,546,00:40,,,,,"MISS FT by GUY,ALEXIS",,,"MISS FT by GUY,ALEXIS",5,free throw,missed,Centre,alexis guy,,40
547,4,spalding,Spalding,Centre,53-62,53,62,"9, 13, 11, 13, 7, 53","7, 10, 7, 22, 16, 62",9,13,11,13,7,53,7,10,7,22,16,62,1-3,3-0,11/24/15,Lose,112,No Location Recorded,7:00 PM,H,547,--,,,,,REBOUND DEADB by TEAM,,,REBOUND DEADB by TEAM,5,deadball rebound,,Centre,,,
548,4,spalding,Spalding,Centre,53-62,53,62,"9, 13, 11, 13, 7, 53","7, 10, 7, 22, 16, 62",9,13,11,13,7,53,7,10,7,22,16,62,1-3,3-0,11/24/15,Lose,112,No Location Recorded,7:00 PM,H,548,00:40,,,,,TIMEOUT 20SEC by TEAM,,,TIMEOUT 20SEC by TEAM,5,timeout,,Centre,,,40
549,4,spalding,Spalding,Centre,53-62,53,62,"9, 13, 11, 13, 7, 53","7, 10, 7, 22, 16, 62",9,13,11,13,7,53,7,10,7,22,16,62,1-3,3-0,11/24/15,Lose,112,No Location Recorded,7:00 PM,H,549,00:40,,,,,"MISS FT by GUY,ALEXIS",,,"MISS FT by GUY,ALEXIS",5,free throw,missed,Centre,alexis guy,,40
550,4,spalding,Spalding,Centre,53-62,53,62,"9, 13, 11, 13, 7, 53","7, 10, 7, 22, 16, 62",9,13,11,13,7,53,7,10,7,22,16,62,1-3,3-0,11/24/15,Lose,112,No Location Recorded,7:00 PM,H,550,--,"REBOUND DEF by MYERS,MACKENZIE",,,,,,,"REBOUND DEF by MYERS,MACKENZIE",5,defensive rebound,,spalding,mackenzie myers,,
551,4,spalding,Spalding,Centre,53-62,53,62,"9, 13, 11, 13, 7, 53","7, 10, 7, 22, 16, 62",9,13,11,13,7,53,7,10,7,22,16,62,1-3,3-0,11/24/15,Lose,112,No Location Recorded,7:00 PM,H,551,00:40,"SUB IN by MYERS,MACKENZIE",,,,,,,"SUB IN by MYERS,MACKENZIE",5,subbing in,,spalding,mackenzie myers,,40
552,4,spalding,Spalding,Centre,53-62,53,62,"9, 13, 11, 13, 7, 53","7, 10, 7, 22, 16, 62",9,13,11,13,7,53,7,10,7,22,16,62,1-3,3-0,11/24/15,Lose,112,No Location Recorded,7:00 PM,H,552,00:40,"SUB OUT by SKAGGS,JULIE",,,,,,,"SUB OUT by SKAGGS,JULIE",5,subbing out,,spalding,julie skaggs,,40
553,4,spalding,Spalding,Centre,53-62,53,62,"9, 13, 11, 13, 7, 53","7, 10, 7, 22, 16, 62",9,13,11,13,7,53,7,10,7,22,16,62,1-3,3-0,11/24/15,Lose,112,No Location Recorded,7:00 PM,H,553,00:37,,,,,"FOUL  by GUY,ALEXIS",,,"FOUL  by GUY,ALEXIS",5,foul,,Centre,alexis guy,,37
554,4,spalding,Spalding,Centre,53-62,53,62,"9, 13, 11, 13, 7, 53","7, 10, 7, 22, 16, 62",9,13,11,13,7,53,7,10,7,22,16,62,1-3,3-0,11/24/15,Lose,112,No Location Recorded,7:00 PM,H,554,00:37,"MISS FT by MARTIN,ALEX",,,,,,,"MISS FT by MARTIN,ALEX",5,free throw,missed,spalding,alex martin,,37
555,4,spalding,Spalding,Centre,53-62,53,62,"9, 13, 11, 13, 7, 53","7, 10, 7, 22, 16, 62",9,13,11,13,7,53,7,10,7,22,16,62,1-3,3-0,11/24/15,Lose,112,No Location Recorded,7:00 PM,H,555,--,REBOUND DEADB by TEAM,,,,,,,REBOUND DEADB by TEAM,5,deadball rebound,,Centre,,,
556,4,spalding,Spalding,Centre,53-62,53,62,"9, 13, 11, 13, 7, 53","7, 10, 7, 22, 16, 62",9,13,11,13,7,53,7,10,7,22,16,62,1-3,3-0,11/24/15,Lose,112,No Location Recorded,7:00 PM,H,556,00:37,"GOOD FT by MARTIN,ALEX",60 (+9),,51,,SPALDING 60-51 (-9),,"GOOD FT by MARTIN,ALEX",5,free throw,good,spalding,alex martin,1,37
557,4,spalding,Spalding,Centre,53-62,53,62,"9, 13, 11, 13, 7, 53","7, 10, 7, 22, 16, 62",9,13,11,13,7,53,7,10,7,22,16,62,1-3,3-0,11/24/15,Lose,112,No Location Recorded,7:00 PM,H,557,00:37,"SUB IN by SKAGGS,JULIE",,,,,,,"SUB IN by SKAGGS,JULIE",5,subbing in,,spalding,julie skaggs,,37
558,4,spalding,Spalding,Centre,53-62,53,62,"9, 13, 11, 13, 7, 53","7, 10, 7, 22, 16, 62",9,13,11,13,7,53,7,10,7,22,16,62,1-3,3-0,11/24/15,Lose,112,No Location Recorded,7:00 PM,H,558,00:37,"SUB OUT by MYERS,MACKENZIE",,,,,,,"SUB OUT by MYERS,MACKENZIE",5,subbing out,,spalding,mackenzie myers,,37
559,4,spalding,Spalding,Centre,53-62,53,62,"9, 13, 11, 13, 7, 53","7, 10, 7, 22, 16, 62",9,13,11,13,7,53,7,10,7,22,16,62,1-3,3-0,11/24/15,Lose,112,No Location Recorded,7:00 PM,H,559,00:30,,,,,"MISS 3PTR by MOORE,KATIE",,,"MISS 3PTR by MOORE,KATIE",5,three pointer,missed,Centre,katie moore,,30
560,4,spalding,Spalding,Centre,53-62,53,62,"9, 13, 11, 13, 7, 53","7, 10, 7, 22, 16, 62",9,13,11,13,7,53,7,10,7,22,16,62,1-3,3-0,11/24/15,Lose,112,No Location Recorded,7:00 PM,H,560,--,,,,,"REBOUND OFF by KELLAM,PAIGE",,,"REBOUND OFF by KELLAM,PAIGE",5,offensive rebound,,Centre,paige kellam,,
561,4,spalding,Spalding,Centre,53-62,53,62,"9, 13, 11, 13, 7, 53","7, 10, 7, 22, 16, 62",9,13,11,13,7,53,7,10,7,22,16,62,1-3,3-0,11/24/15,Lose,112,No Location Recorded,7:00 PM,H,561,00:25,,,,,"MISS LAYUP by KELLAM,PAIGE",,,"MISS LAYUP by KELLAM,PAIGE",5,layup,missed,Centre,paige kellam,,25
562,4,spalding,Spalding,Centre,53-62,53,62,"9, 13, 11, 13, 7, 53","7, 10, 7, 22, 16, 62",9,13,11,13,7,53,7,10,7,22,16,62,1-3,3-0,11/24/15,Lose,112,No Location Recorded,7:00 PM,H,562,--,,,,,"REBOUND OFF by RHULE,BONNIE",,,"REBOUND OFF by RHULE,BONNIE",5,offensive rebound,,Centre,bonnie rhule,,
563,4,spalding,Spalding,Centre,53-62,53,62,"9, 13, 11, 13, 7, 53","7, 10, 7, 22, 16, 62",9,13,11,13,7,53,7,10,7,22,16,62,1-3,3-0,11/24/15,Lose,112,No Location Recorded,7:00 PM,H,563,00:22,,,,,"MISS LAYUP by RHULE,BONNIE",,,"MISS LAYUP by RHULE,BONNIE",5,layup,missed,Centre,bonnie rhule,,22
564,4,spalding,Spalding,Centre,53-62,53,62,"9, 13, 11, 13, 7, 53","7, 10, 7, 22, 16, 62",9,13,11,13,7,53,7,10,7,22,16,62,1-3,3-0,11/24/15,Lose,112,No Location Recorded,7:00 PM,H,564,--,,,,,"REBOUND OFF by JUDY,MICHELE",,,"REBOUND OFF by JUDY,MICHELE",5,offensive rebound,,Centre,michele judy,,
565,4,spalding,Spalding,Centre,53-62,53,62,"9, 13, 11, 13, 7, 53","7, 10, 7, 22, 16, 62",9,13,11,13,7,53,7,10,7,22,16,62,1-3,3-0,11/24/15,Lose,112,No Location Recorded,7:00 PM,H,565,00:21,,,,,"MISS LAYUP by JUDY,MICHELE",,,"MISS LAYUP by JUDY,MICHELE",5,layup,missed,Centre,michele judy,,21
566,4,spalding,Spalding,Centre,53-62,53,62,"9, 13, 11, 13, 7, 53","7, 10, 7, 22, 16, 62",9,13,11,13,7,53,7,10,7,22,16,62,1-3,3-0,11/24/15,Lose,112,No Location Recorded,7:00 PM,H,566,--,,,,,REBOUND OFF by TEAM,,,REBOUND OFF by TEAM,5,offensive rebound,,Centre,,,
567,4,spalding,Spalding,Centre,53-62,53,62,"9, 13, 11, 13, 7, 53","7, 10, 7, 22, 16, 62",9,13,11,13,7,53,7,10,7,22,16,62,1-3,3-0,11/24/15,Lose,112,No Location Recorded,7:00 PM,H,567,00:16,"FOUL  by SKAGGS,JULIE",,,,,,,"FOUL  by SKAGGS,JULIE",5,foul,,spalding,julie skaggs,,16
568,4,spalding,Spalding,Centre,53-62,53,62,"9, 13, 11, 13, 7, 53","7, 10, 7, 22, 16, 62",9,13,11,13,7,53,7,10,7,22,16,62,1-3,3-0,11/24/15,Lose,112,No Location Recorded,7:00 PM,H,568,00:16,,60 (+8),,52,"GOOD FT by MOORE,KATIE",CENTRE-W 60-52 (-8),,"GOOD FT by MOORE,KATIE",5,free throw,good,Centre,katie moore,1,16
569,4,spalding,Spalding,Centre,53-62,53,62,"9, 13, 11, 13, 7, 53","7, 10, 7, 22, 16, 62",9,13,11,13,7,53,7,10,7,22,16,62,1-3,3-0,11/24/15,Lose,112,No Location Recorded,7:00 PM,H,569,00:16,,60 (+7),,53,"GOOD FT by MOORE,KATIE",CENTRE-W 60-53 (-7),,"GOOD FT by MOORE,KATIE",5,free throw,good,Centre,katie moore,1,16
570,4,spalding,Spalding,Centre,53-62,53,62,"9, 13, 11, 13, 7, 53","7, 10, 7, 22, 16, 62",9,13,11,13,7,53,7,10,7,22,16,62,1-3,3-0,11/24/15,Lose,112,No Location Recorded,7:00 PM,H,570,00:16,"SUB IN by MYERS,MACKENZIE",,,,,,,"SUB IN by MYERS,MACKENZIE",5,subbing in,,spalding,mackenzie myers,,16
571,4,spalding,Spalding,Centre,53-62,53,62,"9, 13, 11, 13, 7, 53","7, 10, 7, 22, 16, 62",9,13,11,13,7,53,7,10,7,22,16,62,1-3,3-0,11/24/15,Lose,112,No Location Recorded,7:00 PM,H,571,00:16,"SUB OUT by SKAGGS,JULIE",,,,,,,"SUB OUT by SKAGGS,JULIE",5,subbing out,,spalding,julie skaggs,,16
572,4,spalding,Spalding,Centre,53-62,53,62,"9, 13, 11, 13, 7, 53","7, 10, 7, 22, 16, 62",9,13,11,13,7,53,7,10,7,22,16,62,1-3,3-0,11/24/15,Lose,112,No Location Recorded,7:00 PM,H,572,00:16,,,,,"SUB IN by RHULE,BONNIE",,,"SUB IN by RHULE,BONNIE",5,subbing in,,Centre,bonnie rhule,,16
573,4,spalding,Spalding,Centre,53-62,53,62,"9, 13, 11, 13, 7, 53","7, 10, 7, 22, 16, 62",9,13,11,13,7,53,7,10,7,22,16,62,1-3,3-0,11/24/15,Lose,112,No Location Recorded,7:00 PM,H,573,00:16,,,,,"SUB OUT by JUDY,MICHELE",,,"SUB OUT by JUDY,MICHELE",5,subbing out,,Centre,michele judy,,16
574,4,spalding,Spalding,Centre,53-62,53,62,"9, 13, 11, 13, 7, 53","7, 10, 7, 22, 16, 62",9,13,11,13,7,53,7,10,7,22,16,62,1-3,3-0,11/24/15,Lose,112,No Location Recorded,7:00 PM,H,574,00:14,,,,,"FOUL  by KELLAM,PAIGE",,,"FOUL  by KELLAM,PAIGE",5,foul,,Centre,paige kellam,,14
575,4,spalding,Spalding,Centre,53-62,53,62,"9, 13, 11, 13, 7, 53","7, 10, 7, 22, 16, 62",9,13,11,13,7,53,7,10,7,22,16,62,1-3,3-0,11/24/15,Lose,112,No Location Recorded,7:00 PM,H,575,00:14,"GOOD FT by SLITER,DEE DEE",61 (+8),,53,,SPALDING 61-53 (-8),,"GOOD FT by SLITER,DEE DEE",5,free throw,good,spalding,dee dee sliter,1,14
576,4,spalding,Spalding,Centre,53-62,53,62,"9, 13, 11, 13, 7, 53","7, 10, 7, 22, 16, 62",9,13,11,13,7,53,7,10,7,22,16,62,1-3,3-0,11/24/15,Lose,112,No Location Recorded,7:00 PM,H,576,00:14,"GOOD FT by SLITER,DEE DEE",62 (+9),,53,,SPALDING 62-53 (-9),,"GOOD FT by SLITER,DEE DEE",5,free throw,good,spalding,dee dee sliter,1,14
577,4,spalding,Spalding,Centre,53-62,53,62,"9, 13, 11, 13, 7, 53","7, 10, 7, 22, 16, 62",9,13,11,13,7,53,7,10,7,22,16,62,1-3,3-0,11/24/15,Lose,112,No Location Recorded,7:00 PM,H,577,00:09,,,,,"MISS 3PTR by ANDREASSEN,CAROLINE",,,"MISS 3PTR by ANDREASSEN,CAROLINE",5,three pointer,missed,Centre,caroline andreassen,,9
578,4,spalding,Spalding,Centre,53-62,53,62,"9, 13, 11, 13, 7, 53","7, 10, 7, 22, 16, 62",9,13,11,13,7,53,7,10,7,22,16,62,1-3,3-0,11/24/15,Lose,112,No Location Recorded,7:00 PM,H,578,--,"REBOUND DEF by SLITER,DEE DEE",,,,,,,"REBOUND DEF by SLITER,DEE DEE",5,defensive rebound,,spalding,dee dee sliter,,
